xof 0303txt 0032
template Frame {
 <3d82ab46-62da-11cf-ab39-0020af71e433>
 [...]
}

template Matrix4x4 {
 <f6f23f45-7686-11cf-8f52-0040333594a3>
 array FLOAT matrix[16];
}

template FrameTransformMatrix {
 <f6f23f41-7686-11cf-8f52-0040333594a3>
 Matrix4x4 frameMatrix;
}

template ObjectMatrixComment {
 <95a48e28-7ef4-4419-a16a-ba9dbdf0d2bc>
 Matrix4x4 objectMatrix;
}

template Vector {
 <3d82ab5e-62da-11cf-ab39-0020af71e433>
 FLOAT x;
 FLOAT y;
 FLOAT z;
}

template MeshFace {
 <3d82ab5f-62da-11cf-ab39-0020af71e433>
 DWORD nFaceVertexIndices;
 array DWORD faceVertexIndices[nFaceVertexIndices];
}

template Mesh {
 <3d82ab44-62da-11cf-ab39-0020af71e433>
 DWORD nVertices;
 array Vector vertices[nVertices];
 DWORD nFaces;
 array MeshFace faces[nFaces];
 [...]
}

template MeshNormals {
 <f6f23f43-7686-11cf-8f52-0040333594a3>
 DWORD nNormals;
 array Vector normals[nNormals];
 DWORD nFaceNormals;
 array MeshFace faceNormals[nFaceNormals];
}

template Coords2d {
 <f6f23f44-7686-11cf-8f52-0040333594a3>
 FLOAT u;
 FLOAT v;
}

template MeshTextureCoords {
 <f6f23f40-7686-11cf-8f52-0040333594a3>
 DWORD nTextureCoords;
 array Coords2d textureCoords[nTextureCoords];
}

template XSkinMeshHeader {
 <3cf169ce-ff7c-44ab-93c0-f78f62d172e2>
 WORD nMaxSkinWeightsPerVertex;
 WORD nMaxSkinWeightsPerFace;
 WORD nBones;
}

template SkinWeights {
 <6f0d123b-bad2-4167-a0d0-80224f25fabb>
 STRING transformNodeName;
 DWORD nWeights;
 array DWORD vertexIndices[nWeights];
 array FLOAT weights[nWeights];
 Matrix4x4 matrixOffset;
}

template ColorRGBA {
 <35ff44e0-6c7c-11cf-8f52-0040333594a3>
 FLOAT red;
 FLOAT green;
 FLOAT blue;
 FLOAT alpha;
}

template ColorRGB {
 <d3e16e81-7835-11cf-8f52-0040333594a3>
 FLOAT red;
 FLOAT green;
 FLOAT blue;
}

template Material {
 <3d82ab4d-62da-11cf-ab39-0020af71e433>
 ColorRGBA faceColor;
 FLOAT power;
 ColorRGB specularColor;
 ColorRGB emissiveColor;
 [...]
}

template MeshMaterialList {
 <f6f23f42-7686-11cf-8f52-0040333594a3>
 DWORD nMaterials;
 DWORD nFaceIndexes;
 array DWORD faceIndexes[nFaceIndexes];
 [Material <3d82ab4d-62da-11cf-ab39-0020af71e433>]
}

template TextureFilename {
 <a42790e1-7810-11cf-8f52-0040333594a3>
 STRING filename;
}

template AnimTicksPerSecond {
 <9e415a43-7ba6-4a73-8743-b73d47e88476>
 DWORD AnimTicksPerSecond;
}

template Animation {
 <3d82ab4f-62da-11cf-ab39-0020af71e433>
 [...]
}

template AnimationSet {
 <3d82ab50-62da-11cf-ab39-0020af71e433>
 [Animation <3d82ab4f-62da-11cf-ab39-0020af71e433>]
}

template FloatKeys {
 <10dd46a9-775b-11cf-8f52-0040333594a3>
 DWORD nValues;
 array FLOAT values[nValues];
}

template TimedFloatKeys {
 <f406b180-7b3b-11cf-8f52-0040333594a3>
 DWORD time;
 FloatKeys tfkeys;
}

template AnimationKey {
 <10dd46a8-775b-11cf-8f52-0040333594a3>
 DWORD keyType;
 DWORD nKeys;
 array TimedFloatKeys keys[nKeys];
}


Frame Hips {
 

 FrameTransformMatrix relative {
  0.999801,-0.019934,-0.000224,0.000000,-0.000136,0.004407,-0.999990,0.000000,0.019934,0.999792,0.004403,0.000000,0.011312,2.305649,-0.150395,1.000000;;
 }

 ObjectMatrixComment object {
  1.000000,0.000000,-0.000000,0.000000,0.000000,1.000000,0.000000,0.000000,0.000000,-0.000000,1.000000,0.000000,0.000000,0.000000,0.000000,1.000000;;
 }

 Frame Spine {
  

  FrameTransformMatrix relative {
   0.999959,-0.002389,0.008689,0.000000,0.005024,0.948260,-0.317455,0.000000,-0.007481,0.317486,0.948234,0.000000,-0.000000,0.001932,0.413544,1.000000;;
  }

  ObjectMatrixComment object {
   1.000000,0.000000,-0.000000,0.000000,-0.000000,1.000000,0.000000,0.000000,0.000000,0.000000,1.000000,0.000000,0.000000,0.000000,0.000000,1.000000;;
  }

  Frame Spine1 {
   

   FrameTransformMatrix relative {
    0.999842,-0.002999,0.017506,0.000000,0.008684,0.942335,-0.334560,0.000000,-0.015493,0.334659,0.942212,0.000000,-0.000000,0.000000,0.361341,1.000000;;
   }

   ObjectMatrixComment object {
    1.000000,0.000000,-0.000000,0.000000,-0.000000,1.000000,0.000000,0.000000,-0.000000,0.000000,1.000000,0.000000,0.000000,0.000000,0.000000,1.000000;;
   }

   Frame Spine2 {
    

    FrameTransformMatrix relative {
     0.999847,-0.002959,0.017246,0.000000,0.010765,0.881038,-0.472923,0.000000,-0.013795,0.473036,0.880935,0.000000,0.000000,0.000000,0.534014,1.000000;;
    }

    ObjectMatrixComment object {
     1.000000,0.000000,0.000000,0.000000,0.000000,1.000000,0.000000,0.000000,0.000000,0.000000,1.000000,0.000000,0.000000,0.000000,0.000000,1.000000;;
    }

    Frame Neck {
     

     FrameTransformMatrix relative {
      0.999870,0.014963,0.006061,0.000000,-0.009197,0.836511,-0.547872,0.000000,-0.013268,0.547745,0.836540,0.000000,0.000000,0.000000,1.227498,1.000000;;
     }

     ObjectMatrixComment object {
      1.000000,-0.000000,0.000000,0.000000,-0.000000,1.000000,-0.000000,0.000000,0.000000,-0.000000,1.000000,0.000000,-0.000000,0.000000,0.000000,1.000000;;
     }

     Frame Head {
      

      FrameTransformMatrix relative {
       0.998271,0.004540,-0.058600,0.000000,0.036772,0.729551,0.682938,0.000000,0.045853,-0.683912,0.728123,0.000000,-0.000000,0.000000,0.638661,1.000000;;
      }

      ObjectMatrixComment object {
       1.000000,0.000000,-0.000000,0.000000,-0.000000,1.000000,0.000000,0.000000,-0.000000,0.000000,1.000000,0.000000,-0.000000,-0.000000,-0.000000,1.000000;;
      }

      Frame HeadTop_End {
       

       FrameTransformMatrix relative {
        1.000000,0.000000,0.000000,0.000000,-0.000000,0.563360,0.826211,0.000000,-0.000000,-0.826211,0.563360,0.000000,-0.000000,0.000000,0.523421,1.000000;;
       }

       ObjectMatrixComment object {
        1.000000,0.000000,0.000000,0.000000,0.000000,1.000000,0.000000,0.000000,-0.000000,0.000000,1.000000,0.000000,-0.000000,0.000000,0.000000,1.000000;;
       }
      }
     }
    }

    Frame LeftShoulder {
     

     FrameTransformMatrix relative {
      0.546215,-0.390585,-0.741007,0.000000,-0.125430,0.836520,-0.533387,0.000000,0.828201,0.384289,0.407929,0.000000,0.521985,-0.182162,0.716298,1.000000;;
     }

     ObjectMatrixComment object {
      1.000000,0.000000,0.000000,0.000000,0.000000,1.000000,0.000000,0.000000,-0.000000,-0.000000,1.000000,0.000000,-0.000000,0.000000,-0.000000,1.000000;;
     }

     Frame LeftArm {
      

      FrameTransformMatrix relative {
       0.915176,0.038431,-0.401219,0.000000,-0.304194,0.718917,-0.625000,0.000000,0.264424,0.694033,0.669626,0.000000,-0.000000,0.000000,0.597603,1.000000;;
      }

      ObjectMatrixComment object {
       1.000000,-0.000000,-0.000000,0.000000,0.000000,1.000000,0.000000,0.000000,-0.000000,0.000000,1.000000,0.000000,0.000000,-0.000000,0.000000,1.000000;;
      }

      Frame LeftForeArm {
       

       FrameTransformMatrix relative {
        0.640850,-0.224444,0.734123,0.000000,0.648082,0.670751,-0.360671,0.000000,-0.411463,0.706908,0.575308,0.000000,0.000000,-0.000000,1.478703,1.000000;;
       }

       ObjectMatrixComment object {
        1.000000,0.000000,0.000000,0.000000,0.000000,1.000000,0.000000,0.000000,0.000000,-0.000000,1.000000,0.000000,-0.000000,-0.000000,-0.000000,1.000000;;
       }

       Frame LeftHand {
        

        FrameTransformMatrix relative {
         0.810044,0.442792,0.384402,0.000000,-0.416943,0.895900,-0.153368,0.000000,-0.412295,-0.036039,0.910337,0.000000,-0.000000,-0.000000,0.946860,1.000000;;
        }

        ObjectMatrixComment object {
         1.000000,-0.000000,-0.000000,0.000000,0.000000,1.000000,0.000000,0.000000,0.000000,0.000000,1.000000,0.000000,0.000000,-0.000000,0.000000,1.000000;;
        }

        Frame LeftHandThumb1 {
         

         FrameTransformMatrix relative {
          0.980220,0.177322,-0.087900,0.000000,0.184161,-0.654549,0.733247,0.000000,0.072487,-0.734931,-0.674257,0.000000,-0.238398,0.074589,0.184020,1.000000;;
         }

         ObjectMatrixComment object {
          1.000000,0.000000,-0.000000,0.000000,-0.000000,1.000000,0.000000,0.000000,0.000000,-0.000000,1.000000,0.000000,-0.000000,-0.000000,0.000000,1.000000;;
         }

         Frame LeftHandThumb2 {
          

          FrameTransformMatrix relative {
           0.946970,0.089559,0.308590,0.000000,-0.198601,0.918103,0.342994,0.000000,-0.252599,-0.386091,0.887202,0.000000,-0.000765,-0.000981,-0.233832,1.000000;;
          }

          ObjectMatrixComment object {
           1.000000,0.000000,0.000000,0.000000,0.000000,1.000000,0.000000,0.000000,-0.000000,0.000000,1.000000,0.000000,-0.000000,0.000000,0.000000,1.000000;;
          }

          Frame LeftHandThumb3 {
           

           FrameTransformMatrix relative {
            0.972802,-0.001882,0.231631,0.000000,-0.074962,0.943600,0.322491,0.000000,-0.219173,-0.331084,0.917795,0.000000,-0.000615,0.000921,-0.251607,1.000000;;
           }

           ObjectMatrixComment object {
            1.000000,-0.000000,0.000000,0.000000,0.000000,1.000000,-0.000000,0.000000,-0.000000,0.000000,1.000000,0.000000,0.000000,-0.000000,0.000000,1.000000;;
           }

           Frame LeftHandThumb4 {
            

            FrameTransformMatrix relative {
             0.828506,0.549386,-0.108411,0.000000,-0.539432,0.834968,0.108819,0.000000,0.150304,-0.031676,0.988132,0.000000,0.001695,-0.000390,-0.217533,1.000000;;
            }

            ObjectMatrixComment object {
             1.000000,0.000000,-0.000000,0.000000,-0.000000,1.000000,0.000000,0.000000,0.000000,0.000000,1.000000,0.000000,0.000000,-0.000000,0.000000,1.000000;;
            }
           }
          }
         }
        }

        Frame LeftHandPinky1 {
         

         FrameTransformMatrix relative {
          0.974371,0.177835,-0.137756,0.000000,0.220918,-0.871900,0.437020,0.000000,-0.042392,-0.456252,-0.888840,0.000000,0.328593,0.098613,0.567621,1.000000;;
         }

         ObjectMatrixComment object {
          1.000000,0.000000,-0.000000,0.000000,0.000000,1.000000,0.000000,0.000000,-0.000000,-0.000000,1.000000,0.000000,0.000000,-0.000000,0.000000,1.000000;;
         }

         Frame LeftHandPinky2 {
          

          FrameTransformMatrix relative {
           0.999965,-0.008298,-0.001457,0.000000,0.007201,0.931652,-0.363281,0.000000,0.004372,0.363258,0.931679,0.000000,-0.000102,0.002889,-0.147561,1.000000;;
          }

          ObjectMatrixComment object {
           1.000000,0.000000,-0.000000,0.000000,-0.000000,1.000000,0.000000,0.000000,-0.000000,-0.000000,1.000000,0.000000,0.000000,0.000000,0.000000,1.000000;;
          }

          Frame LeftHandPinky3 {
           

           FrameTransformMatrix relative {
            0.997145,-0.034528,0.067164,0.000000,0.056874,0.928452,-0.367073,0.000000,-0.049684,0.369845,0.927764,0.000000,0.002274,0.001074,-0.156969,1.000000;;
           }

           ObjectMatrixComment object {
            1.000000,-0.000000,0.000000,0.000000,0.000000,1.000000,0.000000,0.000000,0.000000,0.000000,1.000000,0.000000,0.000000,-0.000000,0.000000,1.000000;;
           }

           Frame LeftHandPinky4 {
            

            FrameTransformMatrix relative {
             0.996491,0.083674,0.002144,0.000000,-0.083121,0.986234,0.142948,0.000000,0.009846,-0.142625,0.989728,0.000000,-0.003936,0.000030,-0.167106,1.000000;;
            }

            ObjectMatrixComment object {
             1.000000,0.000000,0.000000,0.000000,-0.000000,1.000000,-0.000000,0.000000,0.000000,0.000000,1.000000,0.000000,-0.000000,-0.000000,0.000000,1.000000;;
            }
           }
          }
         }
        }

        Frame LeftHandRing1 {
         

         FrameTransformMatrix relative {
          0.993979,0.062851,-0.089751,0.000000,0.096157,-0.893069,0.439524,0.000000,-0.052529,-0.445508,-0.893736,0.000000,0.188148,0.051369,0.681783,1.000000;;
         }

         ObjectMatrixComment object {
          1.000000,0.000000,-0.000000,0.000000,0.000000,1.000000,-0.000000,0.000000,-0.000000,-0.000000,1.000000,0.000000,0.000000,-0.000000,0.000000,1.000000;;
         }

         Frame LeftHandRing2 {
          

          FrameTransformMatrix relative {
           0.997186,-0.074869,0.003807,0.000000,0.071264,0.930970,-0.358072,0.000000,0.023265,0.357336,0.933686,0.000000,-0.001356,0.001302,-0.192249,1.000000;;
          }

          ObjectMatrixComment object {
           1.000000,0.000000,0.000000,0.000000,0.000000,1.000000,-0.000000,0.000000,0.000000,-0.000000,1.000000,0.000000,0.000000,0.000000,-0.000000,1.000000;;
          }

          Frame LeftHandRing3 {
           

           FrameTransformMatrix relative {
            0.999824,0.016803,0.008303,0.000000,-0.012364,0.924245,-0.381600,0.000000,-0.014086,0.381430,0.924290,0.000000,-0.003456,-0.002268,-0.184461,1.000000;;
           }

           ObjectMatrixComment object {
            1.000000,0.000000,0.000000,0.000000,0.000000,1.000000,0.000000,0.000000,0.000000,0.000000,1.000000,0.000000,0.000000,-0.000000,0.000000,1.000000;;
           }

           Frame LeftHandRing4 {
            

            FrameTransformMatrix relative {
             1.000000,0.000000,0.000000,0.000000,0.000000,0.994436,0.105346,0.000000,0.000000,-0.105346,0.994436,0.000000,-0.006917,-0.000969,-0.184230,1.000000;;
            }

            ObjectMatrixComment object {
             1.000000,0.000000,0.000000,0.000000,0.000000,1.000000,-0.000000,0.000000,0.000000,0.000000,1.000000,0.000000,-0.000000,0.000000,-0.000000,1.000000;;
            }
           }
          }
         }
        }

        Frame LeftHandMiddle1 {
         

         FrameTransformMatrix relative {
          0.991605,0.064107,-0.112294,0.000000,0.105080,-0.905596,0.410919,0.000000,-0.075350,-0.419270,-0.904730,0.000000,0.000000,0.000000,0.701220,1.000000;;
         }

         ObjectMatrixComment object {
          1.000000,0.000000,0.000000,0.000000,0.000000,1.000000,0.000000,0.000000,-0.000000,0.000000,1.000000,0.000000,0.000000,0.000000,-0.000000,1.000000;;
         }

         Frame LeftHandMiddle2 {
          

          FrameTransformMatrix relative {
           0.996432,-0.082239,-0.018996,0.000000,0.067740,0.913452,-0.401270,0.000000,0.050352,0.398551,0.915763,0.000000,-0.005634,-0.005040,-0.209763,1.000000;;
          }

          ObjectMatrixComment object {
           1.000000,0.000000,0.000000,0.000000,0.000000,1.000000,0.000000,0.000000,0.000000,-0.000000,1.000000,0.000000,0.000000,0.000000,0.000000,1.000000;;
          }

          Frame LeftHandMiddle3 {
           

           FrameTransformMatrix relative {
            0.999975,0.005799,-0.004070,0.000000,-0.006897,0.928283,-0.371811,0.000000,0.001622,0.371829,0.928300,0.000000,-0.001431,0.000432,-0.210474,1.000000;;
           }

           ObjectMatrixComment object {
            1.000000,-0.000000,0.000000,0.000000,-0.000000,1.000000,0.000000,0.000000,0.000000,0.000000,1.000000,0.000000,-0.000000,0.000000,0.000000,1.000000;;
           }

           Frame LeftHandMiddle4 {
            

            FrameTransformMatrix relative {
             0.999199,0.039073,0.008661,0.000000,-0.039699,0.995076,0.090824,0.000000,-0.005069,-0.091095,0.995829,0.000000,-0.001206,-0.000399,-0.231645,1.000000;;
            }

            ObjectMatrixComment object {
             1.000000,-0.000000,0.000000,0.000000,0.000000,1.000000,0.000000,0.000000,0.000000,0.000000,1.000000,0.000000,0.000000,0.000000,-0.000000,1.000000;;
            }
           }
          }
         }
        }

        Frame LeftHandIndex1 {
         

         FrameTransformMatrix relative {
          0.998934,-0.041787,-0.019618,0.000000,-0.028998,-0.898669,0.437668,0.000000,-0.035919,-0.436633,-0.898922,0.000000,-0.184065,-0.032190,0.639318,1.000000;;
         }

         ObjectMatrixComment object {
          1.000000,-0.000000,-0.000000,0.000000,-0.000000,1.000000,-0.000000,0.000000,0.000000,0.000000,1.000000,0.000000,-0.000000,0.000000,0.000000,1.000000;;
         }

         Frame LeftHandIndex2 {
          

          FrameTransformMatrix relative {
           0.996539,0.030292,-0.077415,0.000000,-0.057008,0.926806,-0.371188,0.000000,0.060504,0.374317,0.925325,0.000000,0.002298,-0.000714,-0.226080,1.000000;;
          }

          ObjectMatrixComment object {
           1.000000,0.000000,0.000000,0.000000,0.000000,1.000000,0.000000,0.000000,-0.000000,0.000000,1.000000,0.000000,0.000000,0.000000,0.000000,1.000000;;
          }

          Frame LeftHandIndex3 {
           

           FrameTransformMatrix relative {
            0.987029,-0.091593,-0.131851,0.000000,0.025451,0.900170,-0.434796,0.000000,0.158512,0.425800,0.890824,0.000000,-0.002781,0.001353,-0.225348,1.000000;;
           }

           ObjectMatrixComment object {
            1.000000,-0.000000,0.000000,0.000000,0.000000,1.000000,0.000000,0.000000,0.000000,0.000000,1.000000,0.000000,-0.000000,0.000000,0.000000,1.000000;;
           }

           Frame LeftHandIndex4 {
            

            FrameTransformMatrix relative {
             0.995170,-0.088468,-0.042538,0.000000,0.088865,0.996015,0.007527,0.000000,0.041703,-0.011270,0.999067,0.000000,-0.000006,-0.001017,-0.306369,1.000000;;
            }

            ObjectMatrixComment object {
             1.000000,0.000000,0.000000,0.000000,0.000000,1.000000,0.000000,0.000000,0.000000,0.000000,1.000000,0.000000,0.000000,0.000000,-0.000000,1.000000;;
            }
           }
          }
         }
        }
       }
      }
     }
    }

    Frame RightShoulder {
     

     FrameTransformMatrix relative {
      0.510429,0.403548,0.759349,0.000000,0.068615,0.861118,-0.503754,0.000000,-0.857178,0.309234,0.411850,0.000000,-0.521985,-0.182163,0.716298,1.000000;;
     }

     ObjectMatrixComment object {
      1.000000,0.000000,-0.000000,0.000000,-0.000000,1.000000,0.000000,0.000000,0.000000,0.000000,1.000000,0.000000,0.000000,0.000000,-0.000000,1.000000;;
     }

     Frame RightArm {
      

      FrameTransformMatrix relative {
       0.839650,0.081133,0.537034,0.000000,0.333818,0.702883,-0.628110,0.000000,-0.428432,0.706664,0.563092,0.000000,0.000000,0.000000,0.597603,1.000000;;
      }

      ObjectMatrixComment object {
       1.000000,-0.000000,0.000000,0.000000,0.000000,1.000000,0.000000,0.000000,0.000000,-0.000000,1.000000,0.000000,0.000000,0.000000,0.000000,1.000000;;
      }

      Frame RightForeArm {
       

       FrameTransformMatrix relative {
        0.592741,-0.165534,-0.788199,0.000000,-0.430971,0.761558,-0.484038,0.000000,0.680384,0.626600,0.380066,0.000000,0.000000,0.000000,1.478703,1.000000;;
       }

       ObjectMatrixComment object {
        1.000000,0.000000,-0.000000,0.000000,-0.000000,1.000000,0.000000,0.000000,0.000000,0.000000,1.000000,0.000000,0.000000,0.000000,0.000000,1.000000;;
       }

       Frame RightHand {
        

        FrameTransformMatrix relative {
         0.984065,0.171992,-0.045117,0.000000,-0.177808,0.953404,-0.243732,0.000000,0.001095,0.247870,0.968793,0.000000,0.000000,0.000000,0.946860,1.000000;;
        }

        ObjectMatrixComment object {
         1.000000,-0.000000,0.000000,0.000000,0.000000,1.000000,0.000000,0.000000,-0.000000,0.000000,1.000000,0.000000,0.000000,-0.000000,0.000000,1.000000;;
        }

        Frame RightHandThumb1 {
         

         FrameTransformMatrix relative {
          0.992615,-0.120282,-0.015766,0.000000,-0.054661,-0.559489,0.827034,0.000000,-0.108298,-0.820064,-0.561932,0.000000,0.238398,0.074589,0.184020,1.000000;;
         }

         ObjectMatrixComment object {
          1.000000,-0.000000,0.000000,0.000000,-0.000000,1.000000,0.000000,0.000000,-0.000000,0.000000,1.000000,0.000000,0.000000,0.000000,0.000000,1.000000;;
         }

         Frame RightHandThumb2 {
          

          FrameTransformMatrix relative {
           0.933432,-0.181278,-0.309585,0.000000,0.291541,0.886179,0.360125,0.000000,0.209065,-0.426409,0.880038,0.000000,0.000765,-0.000981,-0.233832,1.000000;;
          }

          ObjectMatrixComment object {
           1.000000,0.000000,0.000000,0.000000,0.000000,1.000000,-0.000000,0.000000,-0.000000,0.000000,1.000000,0.000000,0.000000,0.000000,0.000000,1.000000;;
          }

          Frame RightHandThumb3 {
           

           FrameTransformMatrix relative {
            0.966983,-0.171093,-0.188865,0.000000,0.229457,0.906981,0.353178,0.000000,0.110871,-0.384854,0.916294,0.000000,0.000615,0.000921,-0.251607,1.000000;;
           }

           ObjectMatrixComment object {
            1.000000,0.000000,0.000000,0.000000,0.000000,1.000000,0.000000,0.000000,0.000000,-0.000000,1.000000,0.000000,0.000000,0.000000,-0.000000,1.000000;;
           }

           Frame RightHandThumb4 {
            

            FrameTransformMatrix relative {
             0.828506,-0.549386,0.108411,0.000000,0.539432,0.834968,0.108819,0.000000,-0.150304,-0.031676,0.988133,0.000000,-0.001695,-0.000390,-0.217533,1.000000;;
            }

            ObjectMatrixComment object {
             1.000000,0.000000,0.000000,0.000000,0.000000,1.000000,0.000000,0.000000,-0.000000,0.000000,1.000000,0.000000,0.000000,0.000000,-0.000000,1.000000;;
            }
           }
          }
         }
        }

        Frame RightHandIndex1 {
         

         FrameTransformMatrix relative {
          0.931879,0.299242,-0.205078,0.000000,0.361463,-0.717969,0.594865,0.000000,0.030768,-0.628470,-0.777225,0.000000,0.184065,-0.032190,0.639318,1.000000;;
         }

         ObjectMatrixComment object {
          1.000000,0.000000,0.000000,0.000000,0.000000,1.000000,-0.000000,0.000000,-0.000000,0.000000,1.000000,0.000000,0.000000,0.000000,0.000000,1.000000;;
         }

         Frame RightHandIndex2 {
          

          FrameTransformMatrix relative {
           0.947050,0.053738,0.316556,0.000000,0.098164,0.890232,-0.444804,0.000000,-0.305711,0.452326,0.837820,0.000000,-0.002298,-0.000714,-0.226080,1.000000;;
          }

          ObjectMatrixComment object {
           1.000000,0.000000,0.000000,0.000000,-0.000000,1.000000,0.000000,0.000000,0.000000,0.000000,1.000000,0.000000,0.000000,0.000000,0.000000,1.000000;;
          }

          Frame RightHandIndex3 {
           

           FrameTransformMatrix relative {
            0.947753,0.157945,0.277161,0.000000,-0.123052,0.982593,-0.139172,0.000000,-0.294318,0.097795,0.950691,0.000000,0.002781,0.001353,-0.225348,1.000000;;
           }

           ObjectMatrixComment object {
            1.000000,0.000000,-0.000000,0.000000,-0.000000,1.000000,0.000000,0.000000,0.000000,-0.000000,1.000000,0.000000,0.000000,0.000000,0.000000,1.000000;;
           }

           Frame RightHandIndex4 {
            

            FrameTransformMatrix relative {
             0.995170,0.088468,0.042538,0.000000,-0.088865,0.996015,0.007527,0.000000,-0.041703,-0.011270,0.999067,0.000000,0.000006,-0.001017,-0.306369,1.000000;;
            }

            ObjectMatrixComment object {
             1.000000,0.000000,0.000000,0.000000,0.000000,1.000000,0.000000,0.000000,0.000000,0.000000,1.000000,0.000000,0.000000,-0.000000,0.000000,1.000000;;
            }
           }
          }
         }
        }

        Frame RightHandMiddle1 {
         

         FrameTransformMatrix relative {
          0.988334,-0.148032,-0.035822,0.000000,-0.105814,-0.836553,0.537571,0.000000,-0.109544,-0.527509,-0.842458,0.000000,0.000000,0.000000,0.701220,1.000000;;
         }

         ObjectMatrixComment object {
          1.000000,-0.000000,-0.000000,0.000000,-0.000000,1.000000,0.000000,0.000000,0.000000,-0.000000,1.000000,0.000000,0.000000,0.000000,0.000000,1.000000;;
         }

         Frame RightHandMiddle2 {
          

          FrameTransformMatrix relative {
           0.996491,0.081344,0.019739,0.000000,-0.057769,0.838986,-0.541078,0.000000,-0.060575,0.538039,0.840741,0.000000,0.005634,-0.005040,-0.209763,1.000000;;
          }

          ObjectMatrixComment object {
           1.000000,0.000000,-0.000000,0.000000,0.000000,1.000000,-0.000000,0.000000,-0.000000,0.000000,1.000000,0.000000,0.000000,-0.000000,0.000000,1.000000;;
          }

          Frame RightHandMiddle3 {
           

           FrameTransformMatrix relative {
            0.999968,-0.006177,0.005178,0.000000,0.007960,0.857758,-0.513992,0.000000,-0.001266,0.514016,0.857780,0.000000,0.001431,0.000432,-0.210474,1.000000;;
           }

           ObjectMatrixComment object {
            1.000000,0.000000,-0.000000,0.000000,0.000000,1.000000,-0.000000,0.000000,0.000000,-0.000000,1.000000,0.000000,-0.000000,0.000000,-0.000000,1.000000;;
           }

           Frame RightHandMiddle4 {
            

            FrameTransformMatrix relative {
             0.999199,-0.039073,-0.008661,0.000000,0.039699,0.995076,0.090824,0.000000,0.005069,-0.091095,0.995829,0.000000,0.001206,-0.000399,-0.231645,1.000000;;
            }

            ObjectMatrixComment object {
             1.000000,0.000000,0.000000,0.000000,-0.000000,1.000000,0.000000,0.000000,0.000000,-0.000000,1.000000,0.000000,0.000000,-0.000000,0.000000,1.000000;;
            }
           }
          }
         }
        }

        Frame RightHandRing1 {
         

         FrameTransformMatrix relative {
          0.949900,-0.302311,0.079369,0.000000,-0.294870,-0.782566,0.548308,0.000000,-0.103648,-0.544241,-0.832502,0.000000,-0.188148,0.051369,0.681783,1.000000;;
         }

         ObjectMatrixComment object {
          1.000000,-0.000000,0.000000,0.000000,0.000000,1.000000,0.000000,0.000000,0.000000,0.000000,1.000000,0.000000,0.000000,-0.000000,0.000000,1.000000;;
         }

         Frame RightHandRing2 {
          

          FrameTransformMatrix relative {
           0.965440,0.239491,-0.102807,0.000000,-0.258151,0.824504,-0.503539,0.000000,-0.035828,0.512676,0.857834,0.000000,0.001356,0.001302,-0.192249,1.000000;;
          }

          ObjectMatrixComment object {
           1.000000,0.000000,0.000000,0.000000,0.000000,1.000000,-0.000000,0.000000,0.000000,0.000000,1.000000,0.000000,0.000000,0.000000,0.000000,1.000000;;
          }

          Frame RightHandRing3 {
           

           FrameTransformMatrix relative {
            0.983395,0.145223,-0.108831,0.000000,-0.180955,0.830168,-0.527329,0.000000,0.013768,0.538266,0.842662,0.000000,0.003456,-0.002268,-0.184461,1.000000;;
           }

           ObjectMatrixComment object {
            1.000000,0.000000,-0.000000,0.000000,0.000000,1.000000,0.000000,0.000000,0.000000,-0.000000,1.000000,0.000000,0.000000,0.000000,-0.000000,1.000000;;
           }

           Frame RightHandRing4 {
            

            FrameTransformMatrix relative {
             1.000000,0.000000,0.000000,0.000000,0.000000,0.994436,0.105346,0.000000,0.000000,-0.105346,0.994436,0.000000,0.006918,-0.000969,-0.184230,1.000000;;
            }

            ObjectMatrixComment object {
             1.000000,-0.000000,0.000000,0.000000,-0.000000,1.000000,-0.000000,0.000000,0.000000,0.000000,1.000000,0.000000,0.000000,-0.000000,0.000000,1.000000;;
            }
           }
          }
         }
        }

        Frame RightHandPinky1 {
         

         FrameTransformMatrix relative {
          0.881391,-0.472198,0.013375,0.000000,-0.379952,-0.691816,0.614025,0.000000,-0.280688,-0.546278,-0.789174,0.000000,-0.328593,0.098614,0.567621,1.000000;;
         }

         ObjectMatrixComment object {
          1.000000,0.000000,0.000000,0.000000,-0.000000,1.000000,0.000000,0.000000,0.000000,0.000000,1.000000,0.000000,0.000000,0.000000,0.000000,1.000000;;
         }

         Frame RightHandPinky2 {
          

          FrameTransformMatrix relative {
           0.999960,0.007976,-0.004140,0.000000,-0.008978,0.866381,-0.499302,0.000000,-0.000395,0.499319,0.866418,0.000000,0.000102,0.002889,-0.147561,1.000000;;
          }

          ObjectMatrixComment object {
           1.000000,0.000000,0.000000,0.000000,0.000000,1.000000,0.000000,0.000000,0.000000,0.000000,1.000000,0.000000,0.000000,0.000000,-0.000000,1.000000;;
          }

          Frame RightHandPinky3 {
           

           FrameTransformMatrix relative {
            0.996115,0.013156,-0.087073,0.000000,-0.066832,0.756806,-0.650214,0.000000,0.057343,0.653507,0.754745,0.000000,-0.002274,0.001074,-0.156969,1.000000;;
           }

           ObjectMatrixComment object {
            1.000000,0.000000,-0.000000,0.000000,-0.000000,1.000000,-0.000000,0.000000,0.000000,0.000000,1.000000,0.000000,0.000000,-0.000000,-0.000000,1.000000;;
           }

           Frame RightHandPinky4 {
            

            FrameTransformMatrix relative {
             0.996491,-0.083674,-0.002144,0.000000,0.083121,0.986234,0.142948,0.000000,-0.009846,-0.142625,0.989728,0.000000,0.003936,0.000030,-0.167106,1.000000;;
            }

            ObjectMatrixComment object {
             1.000000,0.000000,0.000000,0.000000,0.000000,1.000000,-0.000000,0.000000,0.000000,-0.000000,1.000000,0.000000,0.000000,0.000000,0.000000,1.000000;;
            }
           }
          }
         }
        }
       }
      }
     }
    }
   }
  }
 }

 Frame LeftUpLeg {
  

  FrameTransformMatrix relative {
   -0.839936,0.405218,-0.360980,0.000000,-0.039847,0.617328,0.785696,0.000000,0.541221,0.674319,-0.502369,0.000000,0.596973,-0.102885,-0.236553,1.000000;;
  }

  ObjectMatrixComment object {
   1.000000,0.000000,0.000000,0.000000,-0.000000,1.000000,0.000000,0.000000,0.000000,0.000000,1.000000,0.000000,0.000000,0.000000,0.000000,1.000000;;
  }

  Frame LeftLeg {
   

   FrameTransformMatrix relative {
    0.995044,0.018378,-0.097720,0.000000,0.097118,0.031191,0.994784,0.000000,0.021330,-0.999344,0.029251,0.000000,0.000000,-0.000000,1.153371,1.000000;;
   }

   ObjectMatrixComment object {
    1.000000,0.000000,0.000000,0.000000,0.000000,1.000000,0.000000,0.000000,-0.000000,0.000000,1.000000,0.000000,0.000000,0.000000,0.000000,1.000000;;
   }

   Frame LeftFoot {
    

    FrameTransformMatrix relative {
     0.941074,-0.338031,-0.010673,0.000000,0.079056,0.250555,-0.964869,0.000000,0.328830,0.907170,0.262514,0.000000,-0.003963,-0.005667,0.984351,1.000000;;
    }

    ObjectMatrixComment object {
     1.000000,0.000000,-0.000000,0.000000,-0.000000,1.000000,-0.000000,0.000000,0.000000,0.000000,1.000000,0.000000,0.000000,0.000000,-0.000000,1.000000;;
    }

    Frame LeftToeBase {
     

     FrameTransformMatrix relative {
      0.969752,-0.197731,-0.143119,0.000000,-0.027245,0.494988,-0.868473,0.000000,0.242566,0.846103,0.474629,0.000000,-0.000000,0.000000,0.720600,1.000000;;
     }

     ObjectMatrixComment object {
      1.000000,0.000000,0.000000,0.000000,-0.000000,1.000000,0.000000,0.000000,0.000000,-0.000000,1.000000,0.000000,0.000000,-0.000000,-0.000000,1.000000;;
     }

     Frame LeftToe_End {
      

      FrameTransformMatrix relative {
       0.999987,-0.003580,-0.003674,0.000000,0.003514,0.999837,-0.017692,0.000000,0.003737,0.017679,0.999837,0.000000,-0.000000,-0.000000,0.498498,1.000000;;
      }

      ObjectMatrixComment object {
       1.000000,0.000000,0.000000,0.000000,0.000000,1.000000,0.000000,0.000000,0.000000,0.000000,1.000000,0.000000,-0.000000,-0.000000,-0.000000,1.000000;;
      }
     }
    }
   }
  }
 }

 Frame RightUpLeg {
  

  FrameTransformMatrix relative {
   -0.834413,-0.511611,0.204961,0.000000,-0.149769,0.568376,0.809023,0.000000,-0.530400,0.644362,-0.550884,0.000000,-0.596973,-0.102885,-0.236552,1.000000;;
  }

  ObjectMatrixComment object {
   1.000000,0.000000,-0.000000,0.000000,0.000000,1.000000,0.000000,0.000000,0.000000,0.000000,1.000000,0.000000,0.000000,0.000000,-0.000000,1.000000;;
  }

  Frame RightLeg {
   

   FrameTransformMatrix relative {
    0.984806,0.149497,0.088359,0.000000,-0.095737,0.042887,0.994482,0.000000,0.144883,-0.987831,0.056548,0.000000,0.000000,-0.000000,1.153371,1.000000;;
   }

   ObjectMatrixComment object {
    1.000000,0.000000,0.000000,0.000000,0.000000,1.000000,0.000000,0.000000,0.000000,0.000000,1.000000,0.000000,-0.000000,-0.000000,0.000000,1.000000;;
   }

   Frame RightFoot {
    

    FrameTransformMatrix relative {
     0.963164,0.254296,0.087453,0.000000,0.013983,0.277409,-0.960650,0.000000,-0.268550,0.926487,0.263634,0.000000,0.003963,-0.005667,0.984351,1.000000;;
    }

    ObjectMatrixComment object {
     1.000000,-0.000000,0.000000,0.000000,-0.000000,1.000000,0.000000,0.000000,0.000000,0.000000,1.000000,0.000000,0.000000,0.000000,0.000000,1.000000;;
    }

    Frame RightToeBase {
     

     FrameTransformMatrix relative {
      0.963925,0.050770,0.261288,0.000000,0.205889,0.479930,-0.852806,0.000000,-0.168697,0.875837,0.452163,0.000000,-0.000000,-0.000000,0.720600,1.000000;;
     }

     ObjectMatrixComment object {
      1.000000,-0.000000,-0.000000,0.000000,0.000000,1.000000,0.000000,0.000000,-0.000000,0.000000,1.000000,0.000000,0.000000,0.000000,0.000000,1.000000;;
     }

     Frame RightToe_End {
      

      FrameTransformMatrix relative {
       0.999987,0.003580,0.003674,0.000000,-0.003514,0.999837,-0.017692,0.000000,-0.003737,0.017679,0.999837,0.000000,0.000000,0.000000,0.498498,1.000000;;
      }

      ObjectMatrixComment object {
       1.000000,0.000000,-0.000000,0.000000,-0.000000,1.000000,0.000000,0.000000,-0.000000,0.000000,1.000000,0.000000,-0.000000,-0.000000,0.000000,1.000000;;
      }
     }
    }
   }
  }
 }
}

Frame Warrok {
 

 FrameTransformMatrix relative {
  2.540000,0.000000,0.000000,0.000000,0.000000,2.540000,-0.000000,0.000000,0.000000,0.000000,2.540000,0.000000,0.000000,0.000000,0.000000,1.000000;;
 }

 ObjectMatrixComment object {
  1.000000,0.000000,0.000000,0.000000,0.000000,1.000000,0.000000,0.000000,0.000000,0.000000,1.000000,0.000000,0.000000,0.000000,0.000000,1.000000;;
 }

 Mesh mesh_W {
  7568;
  0.102836;4.046176;-2.554095;,
  0.099213;4.035602;-2.570036;,
  0.112610;4.035046;-2.558624;,
  -0.112616;4.035046;-2.558620;,
  -0.099200;4.035601;-2.570051;,
  -0.102842;4.046176;-2.554091;,
  0.092853;4.021147;-2.581142;,
  0.087765;4.034464;-2.582834;,
  -0.087391;4.034437;-2.583225;,
  -0.092827;4.021145;-2.581172;,
  0.175042;4.099877;-2.521089;,
  0.197414;4.135999;-2.520555;,
  0.173152;4.109135;-2.541062;,
  -0.173143;4.109151;-2.541047;,
  -0.197336;4.135996;-2.520300;,
  -0.175038;4.099886;-2.521080;,
  0.128481;4.079992;-2.566227;,
  0.151586;4.086606;-2.547420;,
  0.141674;4.094489;-2.574075;,
  -0.141677;4.094490;-2.574075;,
  -0.151589;4.086606;-2.547419;,
  -0.128484;4.079992;-2.566227;,
  0.065613;4.045598;-2.606682;,
  0.062385;4.008908;-2.621404;,
  -0.062373;4.008906;-2.621420;,
  -0.065586;4.045596;-2.606713;,
  0.029333;4.007318;-2.645921;,
  0.053310;3.940996;-2.664449;,
  -0.053315;3.940996;-2.664447;,
  -0.029339;4.007318;-2.645917;,
  0.060595;3.896257;-2.653606;,
  0.081713;3.944668;-2.627338;,
  -0.081717;3.944668;-2.627337;,
  -0.060598;3.896257;-2.653606;,
  0.119381;4.078134;-2.598282;,
  0.102912;4.122691;-2.610664;,
  0.086686;4.059365;-2.607260;,
  -0.086692;4.059365;-2.607257;,
  -0.103099;4.122509;-2.610520;,
  -0.119385;4.078134;-2.598281;,
  0.047662;4.112150;-2.634508;,
  -0.047716;4.112142;-2.634481;,
  -0.069198;4.216511;-2.623881;,
  -0.085278;4.311437;-2.610703;,
  -0.121118;4.214734;-2.591978;,
  -0.000002;3.869094;-2.651466;,
  -0.000002;3.892894;-2.683917;,
  0.063569;3.856499;-2.642739;,
  0.096964;3.881882;-2.633310;,
  -0.096967;3.881882;-2.633310;,
  -0.063572;3.856499;-2.642739;,
  0.131051;3.880226;-2.565566;,
  0.102906;3.844102;-2.599463;,
  0.132402;3.864318;-2.542993;,
  -0.132406;3.864318;-2.542993;,
  -0.102909;3.844102;-2.599463;,
  -0.131055;3.880226;-2.565566;,
  0.287534;4.162213;-2.368281;,
  0.297049;4.027289;-2.346748;,
  0.345150;4.154660;-2.302467;,
  -0.344095;4.154180;-2.303476;,
  -0.297188;4.027586;-2.346537;,
  -0.288449;4.161542;-2.367912;,
  0.259601;4.264827;-2.559594;,
  0.224132;4.189320;-2.530580;,
  0.283993;4.275298;-2.477597;,
  -0.469055;4.301143;-2.170009;,
  -0.412622;4.249848;-2.228959;,
  -0.431836;4.292210;-2.225335;,
  -0.415721;4.246896;-2.175301;,
  0.430442;4.206914;-2.249446;,
  0.397297;4.186511;-2.234229;,
  -0.428914;4.158246;-2.162692;,
  -0.387249;4.147898;-2.217607;,
  -0.388748;4.189346;-2.168645;,
  0.243360;3.950501;-2.367984;,
  0.291491;4.016632;-2.321642;,
  0.248054;3.975672;-2.395838;,
  0.258456;3.938514;-2.342951;,
  -0.248057;3.975672;-2.395837;,
  -0.291508;4.016643;-2.321614;,
  -0.243363;3.950501;-2.367984;,
  -0.258459;3.938513;-2.342951;,
  0.095354;3.837289;-2.583684;,
  0.051180;3.812567;-2.592921;,
  0.091218;3.827216;-2.565984;,
  -0.091221;3.827216;-2.565984;,
  -0.051184;3.812567;-2.592921;,
  -0.095357;3.837289;-2.583684;,
  0.129838;3.860002;-2.415126;,
  0.140290;3.888751;-2.427132;,
  0.116567;3.854564;-2.442548;,
  -0.116570;3.854564;-2.442548;,
  -0.140294;3.888751;-2.427132;,
  -0.129841;3.860001;-2.415126;,
  0.176323;3.868930;-2.391135;,
  0.209163;3.877371;-2.372172;,
  0.192101;3.898525;-2.401185;,
  -0.192104;3.898524;-2.401185;,
  -0.209166;3.877371;-2.372171;,
  -0.176326;3.868930;-2.391134;,
  0.076655;3.645214;-2.348747;,
  0.095797;3.669706;-2.323833;,
  0.091067;3.685244;-2.382844;,
  -0.095800;3.633338;-2.334460;,
  -0.049744;3.621271;-2.397344;,
  -0.091070;3.685244;-2.382844;,
  0.041541;3.687339;-2.466766;,
  -0.000002;3.713855;-2.434098;,
  -0.000002;3.674167;-2.472488;,
  -0.041544;3.687339;-2.466766;,
  0.098345;3.769865;-1.978107;,
  0.075627;3.848238;-1.866191;,
  0.140189;3.839708;-1.978830;,
  -0.140191;3.839708;-1.978830;,
  -0.075629;3.848238;-1.866191;,
  -0.098347;3.769865;-1.978107;,
  0.315462;4.022572;-2.229844;,
  0.323399;4.044478;-2.162870;,
  0.354747;4.041916;-2.207297;,
  -0.355973;4.042127;-2.208634;,
  -0.322788;4.042925;-2.162945;,
  -0.315633;4.022929;-2.229593;,
  0.435459;4.132414;-2.154122;,
  0.463972;4.158642;-2.101090;,
  0.432776;4.158407;-2.157675;,
  0.420340;4.101827;-2.146986;,
  -0.445256;4.169006;-2.109307;,
  -0.435719;4.132468;-2.153951;,
  0.436764;4.177412;-2.127031;,
  -0.389967;4.164928;-2.106947;,
  0.325634;4.369962;-2.227998;,
  0.345737;4.408393;-2.139091;,
  0.335901;4.420414;-2.200803;,
  -0.335929;4.420411;-2.200878;,
  -0.345828;4.408457;-2.139158;,
  -0.325659;4.370289;-2.227709;,
  0.383518;4.330075;-2.240400;,
  0.325634;4.369962;-2.227998;,
  0.344290;4.319822;-2.296600;,
  -0.382470;4.328942;-2.203683;,
  -0.325659;4.370289;-2.227709;,
  -0.356052;4.290462;-2.166905;,
  0.238679;4.546911;-2.405526;,
  0.230192;4.589585;-2.329390;,
  0.178183;4.527722;-2.444967;,
  -0.178287;4.528288;-2.444540;,
  -0.229703;4.590615;-2.330001;,
  -0.238930;4.547066;-2.405376;,
  -0.177384;4.600681;-2.404706;,
  -0.205689;4.689297;-2.370271;,
  -0.003119;4.603993;-2.505332;,
  -0.006846;4.475479;-2.551469;,
  0.063702;4.567520;-2.481035;,
  0.110334;4.704622;-2.430765;,
  0.147695;4.664768;-2.440283;,
  -0.074476;4.566268;-2.481507;,
  -0.443497;4.286010;-2.257603;,
  -0.384574;4.327364;-2.242901;,
  -0.448119;4.321566;-2.234111;,
  0.467935;4.326067;-2.184002;,
  0.448582;4.312202;-2.228808;,
  0.366550;4.086498;-2.125420;,
  0.357817;4.126314;-2.078977;,
  0.861985;4.968125;-1.259200;,
  0.946524;4.761828;-1.430515;,
  1.084701;4.901574;-1.238150;,
  -1.090554;4.912586;-1.245505;,
  -0.945265;4.761317;-1.429502;,
  -0.888047;5.017881;-1.327713;,
  0.428767;4.150212;-1.805753;,
  0.524299;4.260518;-1.727340;,
  0.406323;4.245982;-1.794416;,
  -0.406325;4.245982;-1.794415;,
  -0.524302;4.260518;-1.727339;,
  -0.428769;4.150211;-1.805752;,
  0.404911;3.974374;-1.772224;,
  0.297250;3.918947;-1.877782;,
  0.278081;3.914681;-1.723513;,
  -0.278083;3.914681;-1.723513;,
  -0.297252;3.918947;-1.877781;,
  -0.404914;3.974374;-1.772224;,
  0.355584;4.210998;-2.127710;,
  0.424920;4.250517;-2.177539;,
  0.388762;4.189474;-2.167412;,
  -0.354842;4.210304;-2.127202;,
  0.500963;4.494579;-1.753991;,
  0.406969;4.477273;-1.880788;,
  0.507076;4.409973;-1.790393;,
  -0.507079;4.409973;-1.790392;,
  -0.406972;4.477273;-1.880787;,
  -0.500966;4.494579;-1.753990;,
  0.388840;4.359455;-1.910314;,
  0.356837;4.386523;-2.038861;,
  0.351518;4.317176;-1.969329;,
  -0.351521;4.317176;-1.969328;,
  -0.356840;4.386522;-2.038860;,
