xof 0303txt 0032
template Frame {
 <3d82ab46-62da-11cf-ab39-0020af71e433>
 [...]
}

template Matrix4x4 {
 <f6f23f45-7686-11cf-8f52-0040333594a3>
 array FLOAT matrix[16];
}

template FrameTransformMatrix {
 <f6f23f41-7686-11cf-8f52-0040333594a3>
 Matrix4x4 frameMatrix;
}

template ObjectMatrixComment {
 <95a48e28-7ef4-4419-a16a-ba9dbdf0d2bc>
 Matrix4x4 objectMatrix;
}

template Vector {
 <3d82ab5e-62da-11cf-ab39-0020af71e433>
 FLOAT x;
 FLOAT y;
 FLOAT z;
}

template MeshFace {
 <3d82ab5f-62da-11cf-ab39-0020af71e433>
 DWORD nFaceVertexIndices;
 array DWORD faceVertexIndices[nFaceVertexIndices];
}

template Mesh {
 <3d82ab44-62da-11cf-ab39-0020af71e433>
 DWORD nVertices;
 array Vector vertices[nVertices];
 DWORD nFaces;
 array MeshFace faces[nFaces];
 [...]
}

template MeshNormals {
 <f6f23f43-7686-11cf-8f52-0040333594a3>
 DWORD nNormals;
 array Vector normals[nNormals];
 DWORD nFaceNormals;
 array MeshFace faceNormals[nFaceNormals];
}

template Coords2d {
 <f6f23f44-7686-11cf-8f52-0040333594a3>
 FLOAT u;
 FLOAT v;
}

template MeshTextureCoords {
 <f6f23f40-7686-11cf-8f52-0040333594a3>
 DWORD nTextureCoords;
 array Coords2d textureCoords[nTextureCoords];
}

template XSkinMeshHeader {
 <3cf169ce-ff7c-44ab-93c0-f78f62d172e2>
 WORD nMaxSkinWeightsPerVertex;
 WORD nMaxSkinWeightsPerFace;
 WORD nBones;
}

template SkinWeights {
 <6f0d123b-bad2-4167-a0d0-80224f25fabb>
 STRING transformNodeName;
 DWORD nWeights;
 array DWORD vertexIndices[nWeights];
 array FLOAT weights[nWeights];
 Matrix4x4 matrixOffset;
}

template ColorRGBA {
 <35ff44e0-6c7c-11cf-8f52-0040333594a3>
 FLOAT red;
 FLOAT green;
 FLOAT blue;
 FLOAT alpha;
}

template ColorRGB {
 <d3e16e81-7835-11cf-8f52-0040333594a3>
 FLOAT red;
 FLOAT green;
 FLOAT blue;
}

template Material {
 <3d82ab4d-62da-11cf-ab39-0020af71e433>
 ColorRGBA faceColor;
 FLOAT power;
 ColorRGB specularColor;
 ColorRGB emissiveColor;
 [...]
}

template MeshMaterialList {
 <f6f23f42-7686-11cf-8f52-0040333594a3>
 DWORD nMaterials;
 DWORD nFaceIndexes;
 array DWORD faceIndexes[nFaceIndexes];
 [Material <3d82ab4d-62da-11cf-ab39-0020af71e433>]
}

template TextureFilename {
 <a42790e1-7810-11cf-8f52-0040333594a3>
 STRING filename;
}

template AnimTicksPerSecond {
 <9e415a43-7ba6-4a73-8743-b73d47e88476>
 DWORD AnimTicksPerSecond;
}

template Animation {
 <3d82ab4f-62da-11cf-ab39-0020af71e433>
 [...]
}

template AnimationSet {
 <3d82ab50-62da-11cf-ab39-0020af71e433>
 [Animation <3d82ab4f-62da-11cf-ab39-0020af71e433>]
}

template FloatKeys {
 <10dd46a9-775b-11cf-8f52-0040333594a3>
 DWORD nValues;
 array FLOAT values[nValues];
}

template TimedFloatKeys {
 <f406b180-7b3b-11cf-8f52-0040333594a3>
 DWORD time;
 FloatKeys tfkeys;
}

template AnimationKey {
 <10dd46a8-775b-11cf-8f52-0040333594a3>
 DWORD keyType;
 DWORD nKeys;
 array TimedFloatKeys keys[nKeys];
}


Frame Hips {
 

 FrameTransformMatrix relative {
  0.582142,-0.014134,-0.812964,0.000000,-0.803977,-0.159259,-0.572938,0.000000,-0.121374,0.987136,-0.104075,0.000000,0.000097,0.800000,-0.000098,1.000000;;
 }

 ObjectMatrixComment object {
  1.000000,-0.000000,0.000000,0.000000,-0.000000,1.000000,-0.000000,0.000000,-0.000000,0.000000,1.000000,0.000000,0.000000,0.000000,-0.000000,1.000000;;
 }

 Frame Spine {
  

  FrameTransformMatrix relative {
   0.996488,-0.068621,-0.047983,0.000000,0.067532,0.997429,-0.023964,0.000000,0.049504,0.020640,0.998561,0.000000,0.000163,-0.011172,0.105748,1.000000;;
  }

  ObjectMatrixComment object {
   1.000000,0.000000,0.000000,0.000000,0.000000,1.000000,0.000000,0.000000,-0.000000,-0.000000,1.000000,0.000000,0.000000,-0.000000,0.000000,1.000000;;
  }

  Frame Spine1 {
   

   FrameTransformMatrix relative {
    0.998869,-0.019455,0.043393,0.000000,0.020387,0.999569,-0.021126,0.000000,-0.042963,0.021987,0.998835,0.000000,0.000000,-0.000000,0.124060,1.000000;;
   }

   ObjectMatrixComment object {
    1.000000,0.000000,-0.000000,0.000000,-0.000000,1.000000,0.000000,0.000000,-0.000000,0.000000,1.000000,0.000000,-0.000000,0.000000,0.000000,1.000000;;
   }

   Frame Spine2 {
    

    FrameTransformMatrix relative {
     0.999577,-0.020373,0.020751,0.000000,0.020452,0.999784,-0.003614,0.000000,-0.020673,0.004037,0.999778,0.000000,0.000000,0.000000,0.141783,1.000000;;
    }

    ObjectMatrixComment object {
     1.000000,0.000000,0.000000,0.000000,0.000000,1.000000,0.000000,0.000000,-0.000000,-0.000000,1.000000,0.000000,0.000000,0.000000,0.000000,1.000000;;
    }

    Frame Neck {
     

     FrameTransformMatrix relative {
      0.985119,-0.171347,-0.013432,0.000000,0.169976,0.982848,-0.071547,0.000000,0.025461,0.068200,0.997347,0.000000,0.000000,-0.000000,0.159506,1.000000;;
     }

     ObjectMatrixComment object {
      1.000000,0.000000,0.000000,0.000000,-0.000000,1.000000,0.000000,0.000000,0.000000,-0.000000,1.000000,0.000000,0.000000,0.000000,0.000000,1.000000;;
     }

     Frame Head {
      

      FrameTransformMatrix relative {
       0.912383,-0.393533,-0.112643,0.000000,0.401518,0.913932,0.059267,0.000000,0.079625,-0.099303,0.991867,0.000000,0.000000,0.009881,0.055640,1.000000;;
      }

      ObjectMatrixComment object {
       1.000000,0.000000,-0.000000,0.000000,0.000000,1.000000,0.000000,0.000000,0.000000,0.000000,1.000000,0.000000,-0.000000,0.000000,0.000000,1.000000;;
      }

      Frame HeadTop_End {
       

       FrameTransformMatrix relative {
        1.000000,0.000000,-0.000000,0.000000,0.000000,1.000000,0.000000,0.000000,0.000000,0.000000,1.000000,0.000000,0.000000,0.030869,0.183119,1.000000;;
       }

       ObjectMatrixComment object {
        1.000000,0.000000,-0.000000,0.000000,0.000000,1.000000,-0.000000,0.000000,0.000000,0.000000,1.000000,0.000000,0.000000,0.000000,-0.000000,1.000000;;
       }
      }
     }
    }

    Frame LeftShoulder {
     

     FrameTransformMatrix relative {
      0.151297,-0.987375,-0.046912,0.000000,-0.215104,0.013435,-0.976499,0.000000,0.964800,0.157832,-0.210356,0.000000,0.059139,-0.002162,0.137783,1.000000;;
     }

     ObjectMatrixComment object {
      1.000000,0.000000,0.000000,0.000000,0.000000,1.000000,0.000000,0.000000,-0.000000,0.000000,1.000000,0.000000,-0.000000,0.000000,-0.000000,1.000000;;
     }

     Frame LeftArm {
      

      FrameTransformMatrix relative {
       0.953807,-0.090636,0.286420,0.000000,0.251779,0.761280,-0.597546,0.000000,-0.163887,0.642058,0.748934,0.000000,-0.000000,0.000002,0.126079,1.000000;;
      }

      ObjectMatrixComment object {
       1.000000,0.000000,-0.000000,0.000000,0.000000,1.000000,-0.000000,0.000000,0.000000,0.000000,1.000000,0.000000,0.000000,0.000000,-0.000000,1.000000;;
      }

      Frame LeftForeArm {
       

       FrameTransformMatrix relative {
        -0.079735,0.491310,0.867328,0.000000,-0.021125,0.869070,-0.494239,0.000000,-0.996592,-0.057730,-0.058916,0.000000,0.000000,-0.000000,0.255743,1.000000;;
       }

       ObjectMatrixComment object {
        1.000000,-0.000000,-0.000000,0.000000,-0.000000,1.000000,0.000000,0.000000,-0.000000,0.000000,1.000000,0.000000,0.000000,0.000000,-0.000000,1.000000;;
       }

       Frame LeftHand {
        

        FrameTransformMatrix relative {
         0.986241,-0.154575,-0.058606,0.000000,0.157114,0.986707,0.041514,0.000000,0.051410,-0.050151,0.997418,0.000000,0.000301,-0.006039,0.215949,1.000000;;
        }

        ObjectMatrixComment object {
         1.000000,0.000000,0.000000,0.000000,0.000000,1.000000,-0.000000,0.000000,-0.000000,0.000000,1.000000,0.000000,0.000000,0.000000,0.000000,1.000000;;
        }

        Frame LeftHandThumb1 {
         

         FrameTransformMatrix relative {
          0.674268,0.096065,0.732212,0.000000,-0.394451,-0.791367,0.467063,0.000000,0.624316,-0.603747,-0.495700,0.000000,-0.029266,0.016595,0.032423,1.000000;;
         }

         ObjectMatrixComment object {
          1.000000,0.000000,0.000000,0.000000,0.000000,1.000000,0.000000,0.000000,0.000000,0.000000,1.000000,0.000000,0.000000,0.000000,0.000000,1.000000;;
         }

         Frame LeftHandThumb2 {
          

          FrameTransformMatrix relative {
           0.858241,0.229043,0.459307,0.000000,-0.174609,0.971821,-0.158351,0.000000,-0.482633,0.055704,0.874049,0.000000,0.002369,-0.000178,-0.027983,1.000000;;
          }

          ObjectMatrixComment object {
           1.000000,0.000000,-0.000000,0.000000,0.000000,1.000000,-0.000000,0.000000,0.000000,0.000000,1.000000,0.000000,-0.000000,0.000000,-0.000000,1.000000;;
          }

          Frame LeftHandThumb3 {
           

           FrameTransformMatrix relative {
            0.583529,0.800516,-0.136634,0.000000,-0.785526,0.513711,-0.345036,0.000000,-0.206016,0.308668,0.928591,0.000000,-0.002058,0.000768,-0.023688,1.000000;;
           }

           ObjectMatrixComment object {
            1.000000,-0.000000,0.000000,0.000000,-0.000000,1.000000,0.000000,0.000000,0.000000,0.000000,1.000000,0.000000,0.000000,0.000000,0.000000,1.000000;;
           }

           Frame LeftHandThumb4 {
            

            FrameTransformMatrix relative {
             1.000000,-0.000000,0.000000,0.000000,-0.000000,1.000000,0.000000,0.000000,0.000000,0.000000,1.000000,0.000000,-0.001444,-0.003127,-0.024206,1.000000;;
            }

            ObjectMatrixComment object {
             1.000000,-0.000000,0.000000,0.000000,-0.000000,1.000000,0.000000,0.000000,0.000000,0.000000,1.000000,0.000000,0.000000,0.000000,0.000000,1.000000;;
            }
           }
          }
         }
        }

        Frame LeftHandIndex1 {
         

         FrameTransformMatrix relative {
          0.919523,0.174677,0.352088,0.000000,-0.319224,-0.190687,0.928297,0.000000,0.229290,-0.965985,-0.119580,0.000000,-0.029350,-0.000517,0.097548,1.000000;;
         }

         ObjectMatrixComment object {
          1.000000,0.000000,0.000000,0.000000,0.000000,1.000000,0.000000,0.000000,0.000000,0.000000,1.000000,0.000000,0.000000,-0.000000,0.000000,1.000000;;
         }

         Frame LeftHandIndex2 {
          

          FrameTransformMatrix relative {
           0.961243,-0.065375,-0.267841,0.000000,-0.220519,0.400786,-0.889237,0.000000,0.165481,0.913836,0.370836,0.000000,-0.002356,-0.001287,-0.037672,1.000000;;
          }

          ObjectMatrixComment object {
           1.000000,-0.000000,0.000000,0.000000,0.000000,1.000000,0.000000,0.000000,0.000000,0.000000,1.000000,0.000000,0.000000,0.000000,0.000000,1.000000;;
          }

          Frame LeftHandIndex3 {
           

           FrameTransformMatrix relative {
            0.978787,-0.060877,-0.195626,0.000000,-0.161871,0.355538,-0.920538,0.000000,0.125592,0.932677,0.338142,0.000000,-0.001465,-0.000468,-0.025384,1.000000;;
           }

           ObjectMatrixComment object {
            1.000000,-0.000000,0.000000,0.000000,0.000000,1.000000,0.000000,0.000000,0.000000,-0.000000,1.000000,0.000000,-0.000000,0.000000,-0.000000,1.000000;;
           }

           Frame LeftHandIndex4 {
            

            FrameTransformMatrix relative {
             1.000000,-0.000000,0.000000,0.000000,0.000000,1.000000,0.000000,0.000000,0.000000,-0.000000,1.000000,0.000000,-0.000547,-0.000275,-0.025283,1.000000;;
            }

            ObjectMatrixComment object {
             1.000000,-0.000000,0.000000,0.000000,0.000000,1.000000,0.000000,0.000000,0.000000,0.000000,1.000000,0.000000,0.000000,0.000000,0.000000,1.000000;;
            }
           }
          }
         }
        }

        Frame LeftHandMiddle1 {
         

         FrameTransformMatrix relative {
          0.953982,0.233278,0.188415,0.000000,-0.197036,0.014001,0.980296,0.000000,0.226044,-0.972309,0.059321,0.000000,-0.006795,0.006665,0.096540,1.000000;;
         }

         ObjectMatrixComment object {
          1.000000,-0.000000,-0.000000,0.000000,0.000000,1.000000,-0.000000,0.000000,0.000000,0.000000,1.000000,0.000000,0.000000,0.000000,0.000000,1.000000;;
         }

         Frame LeftHandMiddle2 {
          

          FrameTransformMatrix relative {
           0.957312,-0.064221,-0.281831,0.000000,-0.249129,0.311142,-0.917129,0.000000,0.146589,0.948191,0.281861,0.000000,-0.001952,0.001680,-0.040064,1.000000;;
          }

          ObjectMatrixComment object {
           1.000000,0.000000,0.000000,0.000000,0.000000,1.000000,0.000000,0.000000,-0.000000,0.000000,1.000000,0.000000,0.000000,-0.000000,0.000000,1.000000;;
          }

          Frame LeftHandMiddle3 {
           

           FrameTransformMatrix relative {
            0.978255,-0.049870,-0.201320,0.000000,-0.172220,0.345568,-0.922455,0.000000,0.115573,0.937068,0.329465,0.000000,-0.001957,-0.000071,-0.029903,1.000000;;
           }

           ObjectMatrixComment object {
            1.000000,0.000000,0.000000,0.000000,-0.000000,1.000000,-0.000000,0.000000,0.000000,-0.000000,1.000000,0.000000,-0.000000,-0.000000,0.000000,1.000000;;
           }

           Frame LeftHandMiddle4 {
            

            FrameTransformMatrix relative {
             1.000000,0.000000,0.000000,0.000000,0.000000,1.000000,-0.000000,0.000000,-0.000000,-0.000000,1.000000,0.000000,-0.000796,0.001603,-0.028193,1.000000;;
            }

            ObjectMatrixComment object {
             1.000000,0.000000,-0.000000,0.000000,-0.000000,1.000000,0.000000,0.000000,-0.000000,-0.000000,1.000000,0.000000,0.000000,-0.000000,0.000000,1.000000;;
            }
           }
          }
         }
        }

        Frame LeftHandRing1 {
         

         FrameTransformMatrix relative {
          0.943223,0.289167,0.163442,0.000000,-0.194618,0.082365,0.977415,0.000000,0.269174,-0.953729,0.133965,0.000000,0.015716,0.009269,0.094002,1.000000;;
         }

         ObjectMatrixComment object {
          1.000000,0.000000,0.000000,0.000000,-0.000000,1.000000,0.000000,0.000000,0.000000,-0.000000,1.000000,0.000000,0.000000,-0.000000,0.000000,1.000000;;
         }

         Frame LeftHandRing2 {
          

          FrameTransformMatrix relative {
           0.983996,-0.091085,-0.153152,0.000000,-0.078703,0.548946,-0.832144,0.000000,0.159868,0.830880,0.532992,0.000000,0.000622,0.001617,-0.040157,1.000000;;
          }

          ObjectMatrixComment object {
           1.000000,0.000000,0.000000,0.000000,0.000000,1.000000,0.000000,0.000000,0.000000,0.000000,1.000000,0.000000,0.000000,-0.000000,0.000000,1.000000;;
          }

          Frame LeftHandRing3 {
           

           FrameTransformMatrix relative {
            0.978196,-0.122294,-0.167860,0.000000,-0.122011,0.315667,-0.940993,0.000000,0.168066,0.940956,0.293863,0.000000,-0.000585,-0.000921,-0.027887,1.000000;;
           }

           ObjectMatrixComment object {
            1.000000,-0.000000,0.000000,0.000000,0.000000,1.000000,0.000000,0.000000,0.000000,-0.000000,1.000000,0.000000,0.000000,0.000000,0.000000,1.000000;;
           }

           Frame LeftHandRing4 {
            

            FrameTransformMatrix relative {
             1.000000,0.000000,-0.000000,0.000000,0.000000,1.000000,0.000000,0.000000,0.000000,0.000000,1.000000,0.000000,-0.000319,-0.000697,-0.025396,1.000000;;
            }

            ObjectMatrixComment object {
             1.000000,0.000000,0.000000,0.000000,-0.000000,1.000000,0.000000,0.000000,0.000000,0.000000,1.000000,0.000000,0.000000,0.000000,0.000000,1.000000;;
            }
           }
          }
         }
        }

        Frame LeftHandPinky1 {
         

         FrameTransformMatrix relative {
          0.961708,0.263966,0.073761,0.000000,-0.058873,-0.063885,0.996219,0.000000,0.267680,-0.962414,-0.045898,0.000000,0.040304,0.013001,0.092230,1.000000;;
         }

         ObjectMatrixComment object {
          1.000000,0.000000,0.000000,0.000000,-0.000000,1.000000,-0.000000,0.000000,0.000000,0.000000,1.000000,0.000000,0.000000,0.000000,0.000000,1.000000;;
         }

         Frame LeftHandPinky2 {
          

          FrameTransformMatrix relative {
           0.982026,-0.016200,-0.188046,0.000000,-0.179321,0.230773,-0.956341,0.000000,0.058888,0.972873,0.223720,0.000000,-0.002439,-0.001981,-0.035487,1.000000;;
          }

          ObjectMatrixComment object {
           1.000000,0.000000,0.000000,0.000000,-0.000000,1.000000,0.000000,0.000000,0.000000,-0.000000,1.000000,0.000000,-0.000000,0.000000,-0.000000,1.000000;;
          }

          Frame LeftHandPinky3 {
           

           FrameTransformMatrix relative {
            0.975981,-0.001955,-0.217846,0.000000,-0.167192,0.634366,-0.754736,0.000000,0.139670,0.773030,0.618802,0.000000,-0.002980,0.000261,-0.023159,1.000000;;
           }

           ObjectMatrixComment object {
            1.000000,0.000000,-0.000000,0.000000,0.000000,1.000000,0.000000,0.000000,0.000000,0.000000,1.000000,0.000000,-0.000000,-0.000000,0.000000,1.000000;;
           }

           Frame LeftHandPinky4 {
            

            FrameTransformMatrix relative {
             1.000000,0.000000,-0.000000,0.000000,0.000000,1.000000,0.000000,0.000000,0.000000,0.000000,1.000000,0.000000,-0.001177,0.001221,-0.020302,1.000000;;
            }

            ObjectMatrixComment object {
             1.000000,-0.000000,0.000000,0.000000,0.000000,1.000000,0.000000,0.000000,-0.000000,0.000000,1.000000,0.000000,0.000000,0.000000,-0.000000,1.000000;;
            }
           }
          }
         }
        }
       }

       Frame LeftShield {
        

        FrameTransformMatrix relative {
         0.044709,-0.992460,0.114119,0.000000,-0.993671,-0.032396,0.107557,0.000000,-0.103049,-0.118206,-0.987628,0.000000,-0.001204,-0.046128,0.160861,1.000000;;
        }

        ObjectMatrixComment object {
         1.000000,-0.000000,-0.000000,0.000000,-0.000000,1.000000,0.000000,0.000000,0.000000,-0.000000,1.000000,0.000000,0.000000,-0.000000,0.000000,1.000000;;
        }
       }
      }
     }
    }

    Frame RightShoulder {
     

     FrameTransformMatrix relative {
      -0.345645,0.929136,0.131289,0.000000,0.130136,0.186024,-0.973889,0.000000,-0.929298,-0.319534,-0.185212,0.000000,-0.060002,-0.002181,0.137601,1.000000;;
     }

     ObjectMatrixComment object {
      1.000000,0.000000,-0.000000,0.000000,-0.000000,1.000000,-0.000000,0.000000,-0.000000,0.000000,1.000000,0.000000,0.000000,0.000000,0.000000,1.000000;;
     }

     Frame RightArm {
      

      FrameTransformMatrix relative {
       0.979394,0.194093,-0.055812,0.000000,-0.177472,0.695237,-0.696527,0.000000,-0.096389,0.692079,0.715357,0.000000,-0.000043,0.000386,0.126078,1.000000;;
      }

      ObjectMatrixComment object {
       1.000000,0.000000,0.000000,0.000000,0.000000,1.000000,0.000000,0.000000,0.000000,0.000000,1.000000,0.000000,-0.000000,0.000000,0.000000,1.000000;;
      }

      Frame RightForeArm {
       

       FrameTransformMatrix relative {
        0.263467,-0.055210,-0.963087,0.000000,0.004201,0.998417,-0.056086,0.000000,0.964659,0.010731,0.263282,0.000000,0.000028,0.000787,0.255742,1.000000;;
       }

       ObjectMatrixComment object {
        1.000000,-0.000000,-0.000000,0.000000,-0.000000,1.000000,0.000000,0.000000,-0.000000,0.000000,1.000000,0.000000,0.000000,0.000000,-0.000000,1.000000;;
       }

       Frame RightHand {
        

        FrameTransformMatrix relative {
         0.898156,0.133181,-0.419021,0.000000,-0.138780,0.990173,0.017245,0.000000,0.417200,0.042663,0.907813,0.000000,-0.000278,-0.005373,0.215968,1.000000;;
        }

        ObjectMatrixComment object {
         1.000000,-0.000000,-0.000000,0.000000,-0.000000,1.000000,0.000000,0.000000,0.000000,-0.000000,1.000000,0.000000,0.000000,0.000000,0.000000,1.000000;;
        }

        Frame RightHandThumb1 {
         

         FrameTransformMatrix relative {
          0.907445,0.047065,-0.417527,0.000000,0.380789,-0.512155,0.769868,0.000000,-0.177605,-0.857603,-0.482674,0.000000,0.029291,0.016687,0.032351,1.000000;;
         }

         ObjectMatrixComment object {
          1.000000,-0.000000,0.000000,0.000000,0.000000,1.000000,0.000000,0.000000,0.000000,-0.000000,1.000000,0.000000,0.000000,-0.000000,0.000000,1.000000;;
         }

         Frame RightHandThumb2 {
          

          FrameTransformMatrix relative {
           0.933668,-0.286947,-0.214302,0.000000,0.317368,0.940185,0.123811,0.000000,0.165957,-0.183611,0.968889,0.000000,-0.002335,-0.000235,-0.027986,1.000000;;
          }

          ObjectMatrixComment object {
           1.000000,0.000000,0.000000,0.000000,0.000000,1.000000,0.000000,0.000000,0.000000,0.000000,1.000000,0.000000,-0.000000,0.000000,0.000000,1.000000;;
          }

          Frame RightHandThumb3 {
           

           FrameTransformMatrix relative {
            0.914451,0.313109,-0.256404,0.000000,-0.214193,0.912011,0.349797,0.000000,0.343367,-0.264952,0.901055,0.000000,0.002096,0.000729,-0.023686,1.000000;;
           }

           ObjectMatrixComment object {
            1.000000,0.000000,0.000000,0.000000,-0.000000,1.000000,-0.000000,0.000000,0.000000,0.000000,1.000000,0.000000,-0.000000,0.000000,0.000000,1.000000;;
           }

           Frame RightHandThumb4 {
            

            FrameTransformMatrix relative {
             1.000000,0.000000,0.000000,0.000000,-0.000000,1.000000,-0.000000,0.000000,0.000000,0.000000,1.000000,0.000000,0.001486,-0.003168,-0.024198,1.000000;;
            }

            ObjectMatrixComment object {
             1.000000,0.000000,0.000000,0.000000,-0.000000,1.000000,-0.000000,0.000000,0.000000,0.000000,1.000000,0.000000,-0.000000,0.000000,0.000000,1.000000;;
            }
           }
          }
         }
        }

        Frame RightHandPinky1 {
         

         FrameTransformMatrix relative {
          0.955678,-0.189881,-0.224999,0.000000,0.212152,-0.085737,0.973468,0.000000,-0.204134,-0.978056,-0.041653,0.000000,-0.040237,0.013282,0.092217,1.000000;;
         }

         ObjectMatrixComment object {
          1.000000,-0.000000,-0.000000,0.000000,-0.000000,1.000000,0.000000,0.000000,-0.000000,0.000000,1.000000,0.000000,0.000000,-0.000000,0.000000,1.000000;;
         }

         Frame RightHandPinky2 {
          

          FrameTransformMatrix relative {
           0.991736,-0.017782,0.127057,0.000000,0.116535,0.539060,-0.834167,0.000000,-0.053658,0.842080,0.536677,0.000000,0.002464,-0.002087,-0.035479,1.000000;;
          }

          ObjectMatrixComment object {
           1.000000,-0.000000,0.000000,0.000000,-0.000000,1.000000,-0.000000,0.000000,0.000000,0.000000,1.000000,0.000000,0.000000,-0.000000,0.000000,1.000000;;
          }

          Frame RightHandPinky3 {
           

           FrameTransformMatrix relative {
            0.988387,-0.019778,0.150666,0.000000,0.088543,0.880747,-0.465237,0.000000,-0.123497,0.473174,0.872270,0.000000,0.002995,0.000190,-0.023158,1.000000;;
           }

           ObjectMatrixComment object {
            1.000000,0.000000,0.000000,0.000000,0.000000,1.000000,0.000000,0.000000,-0.000000,0.000000,1.000000,0.000000,0.000000,0.000000,-0.000000,1.000000;;
           }

           Frame RightHandPinky4 {
            

            FrameTransformMatrix relative {
             1.000000,0.000000,0.000000,0.000000,0.000000,1.000000,0.000000,0.000000,-0.000000,-0.000000,1.000000,0.000000,0.001191,0.001160,-0.020305,1.000000;;
            }

            ObjectMatrixComment object {
             1.000000,-0.000000,0.000000,0.000000,0.000000,1.000000,0.000000,0.000000,0.000000,-0.000000,1.000000,0.000000,-0.000000,-0.000000,0.000000,1.000000;;
            }
           }
          }
         }
        }

        Frame RightHandRing1 {
         

         FrameTransformMatrix relative {
          0.973303,-0.162944,-0.161652,0.000000,0.147961,-0.093000,0.984611,0.000000,-0.175470,-0.982243,-0.066408,0.000000,-0.015649,0.009552,0.093983,1.000000;;
         }

         ObjectMatrixComment object {
          1.000000,-0.000000,0.000000,0.000000,-0.000000,1.000000,0.000000,0.000000,0.000000,-0.000000,1.000000,0.000000,-0.000000,0.000000,-0.000000,1.000000;;
         }

         Frame RightHandRing2 {
          

          FrameTransformMatrix relative {
           0.977241,0.113565,0.179172,0.000000,0.122876,0.385456,-0.914508,0.000000,-0.172919,0.915711,0.362729,0.000000,-0.000593,0.001497,-0.040162,1.000000;;
          }

          ObjectMatrixComment object {
           1.000000,0.000000,-0.000000,0.000000,0.000000,1.000000,0.000000,0.000000,0.000000,0.000000,1.000000,0.000000,0.000000,0.000000,-0.000000,1.000000;;
          }

          Frame RightHandRing3 {
           

           FrameTransformMatrix relative {
            0.993704,0.037374,0.105624,0.000000,0.037520,0.777295,-0.628016,0.000000,-0.105573,0.628025,0.770999,0.000000,0.000605,-0.001005,-0.027884,1.000000;;
           }

           ObjectMatrixComment object {
            1.000000,-0.000000,0.000000,0.000000,0.000000,1.000000,0.000000,0.000000,0.000000,-0.000000,1.000000,0.000000,0.000000,0.000000,0.000000,1.000000;;
           }

           Frame RightHandRing4 {
            

            FrameTransformMatrix relative {
             1.000000,0.000000,0.000000,0.000000,0.000000,1.000000,0.000000,0.000000,0.000000,-0.000000,1.000000,0.000000,0.000337,-0.000773,-0.025393,1.000000;;
            }

            ObjectMatrixComment object {
             1.000000,0.000000,-0.000000,0.000000,-0.000000,1.000000,0.000000,0.000000,0.000000,-0.000000,1.000000,0.000000,0.000000,0.000000,0.000000,1.000000;;
            }
           }
          }
         }
        }

        Frame RightHandMiddle1 {
         

         FrameTransformMatrix relative {
          0.971579,-0.109024,-0.210116,0.000000,0.170986,-0.290622,0.941437,0.000000,-0.163703,-0.950607,-0.263720,0.000000,0.006864,0.006951,0.096513,1.000000;;
         }

         ObjectMatrixComment object {
          1.000000,0.000000,0.000000,0.000000,0.000000,1.000000,-0.000000,0.000000,0.000000,0.000000,1.000000,0.000000,0.000000,0.000000,0.000000,1.000000;;
         }

         Frame RightHandMiddle2 {
          

          FrameTransformMatrix relative {
           0.951665,0.084865,0.295182,0.000000,0.276594,0.181026,-0.943783,0.000000,-0.133529,0.979810,0.148803,0.000000,0.001980,0.001559,-0.040067,1.000000;;
          }

          ObjectMatrixComment object {
           1.000000,0.000000,0.000000,0.000000,-0.000000,1.000000,0.000000,0.000000,0.000000,-0.000000,1.000000,0.000000,0.000000,0.000000,0.000000,1.000000;;
          }

          Frame RightHandMiddle3 {
           

           FrameTransformMatrix relative {
            0.993827,-0.006065,0.110772,0.000000,0.069798,0.810292,-0.581855,0.000000,-0.086229,0.585995,0.805714,0.000000,0.001977,-0.000161,-0.029901,1.000000;;
           }

           ObjectMatrixComment object {
            1.000000,-0.000000,0.000000,0.000000,0.000000,1.000000,0.000000,0.000000,-0.000000,-0.000000,1.000000,0.000000,-0.000000,0.000000,-0.000000,1.000000;;
           }

           Frame RightHandMiddle4 {
            

            FrameTransformMatrix relative {
             1.000000,-0.000000,0.000000,0.000000,0.000000,1.000000,0.000000,0.000000,-0.000000,-0.000000,1.000000,0.000000,0.000815,0.001518,-0.028197,1.000000;;
            }

            ObjectMatrixComment object {
             1.000000,-0.000000,0.000000,0.000000,-0.000000,1.000000,-0.000000,0.000000,0.000000,-0.000000,1.000000,0.000000,0.000000,0.000000,0.000000,1.000000;;
            }
           }
          }
         }
        }

        Frame RightHandIndex1 {
         

         FrameTransformMatrix relative {
          0.988451,-0.058015,-0.139996,0.000000,0.098401,-0.456844,0.884088,0.000000,-0.115247,-0.887653,-0.445859,0.000000,0.029418,-0.000230,0.097527,1.000000;;
         }

         ObjectMatrixComment object {
          1.000000,0.000000,0.000000,0.000000,0.000000,1.000000,-0.000000,0.000000,0.000000,0.000000,1.000000,0.000000,0.000000,0.000000,0.000000,1.000000;;
         }

         Frame RightHandIndex2 {
          

          FrameTransformMatrix relative {
           0.961779,0.063504,0.266360,0.000000,0.217446,0.414088,-0.883883,0.000000,-0.166427,0.908019,0.384453,0.000000,0.002383,-0.001401,-0.037666,1.000000;;
          }

          ObjectMatrixComment object {
           1.000000,0.000000,-0.000000,0.000000,0.000000,1.000000,0.000000,0.000000,-0.000000,0.000000,1.000000,0.000000,0.000000,0.000000,-0.000000,1.000000;;
          }

          Frame RightHandIndex3 {
           

           FrameTransformMatrix relative {
            0.982225,0.034051,0.184592,0.000000,0.141449,0.512195,-0.847141,0.000000,-0.123394,0.858194,0.498275,0.000000,0.001483,-0.000545,-0.025381,1.000000;;
           }

           ObjectMatrixComment object {
            1.000000,0.000000,0.000000,0.000000,0.000000,1.000000,0.000000,0.000000,0.000000,0.000000,1.000000,0.000000,-0.000000,0.000000,-0.000000,1.000000;;
           }

           Frame RightHandIndex4 {
            

            FrameTransformMatrix relative {
             1.000000,0.000000,0.000000,0.000000,0.000000,1.000000,0.000000,0.000000,0.000000,0.000000,1.000000,0.000000,0.000564,-0.000351,-0.025282,1.000000;;
            }

            ObjectMatrixComment object {
             1.000000,0.000000,0.000000,0.000000,0.000000,1.000000,0.000000,0.000000,-0.000000,0.000000,1.000000,0.000000,0.000000,0.000000,0.000000,1.000000;;
            }
           }
          }
         }
        }

        Frame RightWeapon {
         

         FrameTransformMatrix relative {
          0.149536,0.986581,-0.065556,0.000000,0.979222,-0.138583,0.148048,0.000000,0.136977,-0.086332,-0.986805,0.000000,0.000400,0.033589,0.073763,1.000000;;
         }

         ObjectMatrixComment object {
          1.000000,0.000000,0.000000,0.000000,0.000000,1.000000,0.000000,0.000000,-0.000000,0.000000,1.000000,0.000000,0.000000,0.000000,0.000000,1.000000;;
         }
        }
       }
      }
     }
    }
   }
  }
 }

 Frame LeftUpLeg {
  

  FrameTransformMatrix relative {
   -0.655581,0.754996,0.013925,0.000000,0.432520,0.360323,0.826495,0.000000,0.618983,0.547857,-0.562772,0.000000,0.097897,-0.005837,-0.058749,1.000000;;
  }

  ObjectMatrixComment object {
   1.000000,0.000000,0.000000,0.000000,0.000000,1.000000,0.000000,0.000000,0.000000,-0.000000,1.000000,0.000000,0.000000,-0.000000,-0.000000,1.000000;;
  }

  Frame LeftLeg {
   

   FrameTransformMatrix relative {
    0.964494,-0.226026,-0.136617,0.000000,0.251049,0.623985,0.740012,0.000000,-0.082015,-0.748035,0.658573,0.000000,0.000000,-0.000000,0.417022,1.000000;;
   }

   ObjectMatrixComment object {
    1.000000,0.000000,0.000000,0.000000,0.000000,1.000000,-0.000000,0.000000,0.000000,-0.000000,1.000000,0.000000,0.000000,0.000000,0.000000,1.000000;;
   }

   Frame LeftFoot {
    

    FrameTransformMatrix relative {
     0.979595,-0.085909,-0.181696,0.000000,-0.089657,0.622311,-0.777619,0.000000,0.179876,0.778042,0.601910,0.000000,0.000000,0.000000,0.369806,1.000000;;
    }

    ObjectMatrixComment object {
     1.000000,0.000000,0.000000,0.000000,0.000000,1.000000,0.000000,0.000000,-0.000000,-0.000000,1.000000,0.000000,0.000000,-0.000000,0.000000,1.000000;;
    }

    Frame LeftToeBase {
     

     FrameTransformMatrix relative {
      0.993591,-0.113026,-0.001687,0.000000,0.082230,0.732949,-0.675295,0.000000,0.077562,0.670828,0.737546,0.000000,0.000000,-0.000000,0.166057,1.000000;;
     }

     ObjectMatrixComment object {
      1.000000,0.000000,0.000000,0.000000,-0.000000,1.000000,0.000000,0.000000,0.000000,0.000000,1.000000,0.000000,0.000000,0.000000,0.000000,1.000000;;
     }

     Frame LeftToe_End {
      

      FrameTransformMatrix relative {
       1.000000,0.000000,0.000000,0.000000,-0.000000,1.000000,0.000000,0.000000,0.000000,0.000000,1.000000,0.000000,0.000000,0.000000,0.060005,1.000000;;
      }

      ObjectMatrixComment object {
       1.000000,0.000000,0.000000,0.000000,0.000000,1.000000,0.000000,0.000000,0.000000,0.000000,1.000000,0.000000,0.000000,0.000000,0.000000,1.000000;;
      }
     }
    }
   }
  }
 }

 Frame RightUpLeg {
  

  FrameTransformMatrix relative {
   -0.754955,-0.559392,0.342231,0.000000,-0.340784,0.780533,0.524055,0.000000,-0.560275,0.279011,-0.779900,0.000000,-0.098570,-0.005150,-0.058749,1.000000;;
  }

  ObjectMatrixComment object {
   1.000000,0.000000,0.000000,0.000000,-0.000000,1.000000,-0.000000,0.000000,0.000000,-0.000000,1.000000,0.000000,-0.000000,0.000000,0.000000,1.000000;;
  }

  Frame RightLeg {
   

   FrameTransformMatrix relative {
    0.996691,0.047122,-0.066231,0.000000,0.014634,0.697472,0.716463,0.000000,0.079955,-0.715061,0.694475,0.000000,0.000000,0.000000,0.417028,1.000000;;
   }

   ObjectMatrixComment object {
    1.000000,0.000000,0.000000,0.000000,0.000000,1.000000,0.000000,0.000000,0.000000,-0.000000,1.000000,0.000000,0.000000,0.000000,0.000000,1.000000;;
   }

   Frame RightFoot {
    

    FrameTransformMatrix relative {
     0.854239,0.162027,0.493986,0.000000,0.404124,0.390791,-0.827022,0.000000,-0.327046,0.906106,0.268350,0.000000,-0.000000,0.000000,0.369987,1.000000;;
    }

    ObjectMatrixComment object {
     1.000000,-0.000000,0.000000,0.000000,-0.000000,1.000000,-0.000000,0.000000,-0.000000,-0.000000,1.000000,0.000000,0.000000,-0.000000,-0.000000,1.000000;;
    }

    Frame RightToeBase {
     

     FrameTransformMatrix relative {
      0.999109,0.041929,-0.004769,0.000000,-0.034981,0.759680,-0.649355,0.000000,-0.023604,0.648944,0.760470,0.000000,0.000000,0.000000,0.167122,1.000000;;
     }

     ObjectMatrixComment object {
      1.000000,0.000000,-0.000000,0.000000,0.000000,1.000000,0.000000,0.000000,0.000000,0.000000,1.000000,0.000000,0.000000,0.000000,-0.000000,1.000000;;
     }

     Frame RightToe_End {
      

      FrameTransformMatrix relative {
       1.000000,0.000000,-0.000000,0.000000,0.000000,1.000000,-0.000000,0.000000,0.000000,0.000000,1.000000,0.000000,0.000000,0.000000,0.060491,1.000000;;
      }

      ObjectMatrixComment object {
       1.000000,0.000000,-0.000000,0.000000,-0.000000,1.000000,0.000000,0.000000,0.000000,-0.000000,1.000000,0.000000,0.000000,0.000000,-0.000000,1.000000;;
      }
     }
    }
   }
  }
 }
}

Frame Paladin_J_Nordstrom {
 

 FrameTransformMatrix relative {
  0.393701,0.000000,0.000000,0.000000,0.000000,-0.000000,-0.393701,0.000000,0.000000,0.393701,-0.000000,0.000000,0.000000,0.000000,0.000000,1.000000;;
 }

 ObjectMatrixComment object {
  1.000000,0.000000,0.000000,0.000000,0.000000,1.000000,0.000000,0.000000,0.000000,0.000000,1.000000,0.000000,0.000000,0.000000,0.000000,1.000000;;
 }

 Mesh mesh_P {
  8623;
  -0.021536;0.559561;-0.030575;,
  -0.016484;0.557602;-0.033386;,
  -0.016539;0.558596;-0.032017;,
  -0.021632;0.560673;-0.029371;,
  -0.053968;0.446693;0.017235;,
  -0.054957;0.452527;0.017623;,
  -0.052075;0.452807;0.021453;,
  -0.051208;0.446565;0.021114;,
  -0.043108;0.439684;-0.025884;,
  -0.050569;0.440273;-0.015232;,
  -0.049773;0.432813;-0.015081;,
  -0.041999;0.432022;-0.026005;,
  -0.034917;0.448365;0.036757;,
  -0.035724;0.458673;0.038276;,
  -0.024642;0.462515;0.043565;,
  -0.023998;0.449788;0.040965;,
  -0.054223;0.452721;-0.006530;,
  -0.055099;0.453374;0.003514;,
  -0.057299;0.452919;0.001711;,
  -0.055491;0.451543;-0.003620;,
  -0.038511;0.540935;0.063531;,
  -0.044474;0.543674;0.063398;,
  -0.043756;0.552504;0.063226;,
  -0.036120;0.549062;0.063474;,
  -0.056852;0.467029;-0.018072;,
  -0.049482;0.469925;-0.028363;,
  -0.049915;0.477094;-0.028533;,
  -0.056250;0.474117;-0.018256;,
  -0.050134;0.476813;0.036229;,
  -0.057507;0.470738;0.026406;,
  -0.058404;0.477743;0.027653;,
  -0.052283;0.484303;0.037830;,
  -0.043084;0.440207;0.028094;,
  -0.034329;0.439836;0.036560;,
  -0.034430;0.432269;0.036406;,
  -0.042520;0.432814;0.027994;,
  -0.052560;0.440606;-0.006235;,
  -0.051652;0.433336;-0.006197;,
  -0.009688;0.450848;0.044012;,
  -0.010050;0.466993;0.047239;,
  -0.000000;0.467770;0.047855;,
  -0.000000;0.450912;0.044597;,
  -0.050326;0.440037;0.020808;,
  -0.049595;0.433771;0.020741;,
  -0.034851;0.541009;-0.037674;,
  -0.031302;0.545831;-0.036297;,
  -0.031758;0.546653;-0.038000;,
  -0.035307;0.541832;-0.039377;,
  -0.030630;0.551399;-0.033789;,
  -0.031086;0.552221;-0.035492;,
  -0.053448;0.545831;-0.030363;,
  -0.051063;0.541009;-0.033330;,
  -0.051519;0.541832;-0.035033;,
  -0.053904;0.546653;-0.032066;,
  -0.030457;0.558995;-0.027541;,
  -0.035387;0.564609;-0.023110;,
  -0.037331;0.564561;-0.022221;,
  -0.031866;0.558839;-0.027282;,
  -0.021597;0.564891;-0.021867;,
  -0.021976;0.556609;-0.028786;,
  -0.016681;0.553960;-0.031775;,
  -0.016400;0.563222;-0.023948;,
  -0.011231;0.552784;-0.033415;,
  -0.010929;0.561991;-0.025391;,
  -0.005591;0.556849;-0.034887;,
  -0.000000;0.556633;-0.035651;,
  -0.000000;0.551594;-0.035651;,
  -0.005591;0.551810;-0.034887;,
  -0.027097;0.550612;-0.031391;,
  -0.021517;0.544976;-0.036012;,
  -0.021355;0.548541;-0.036287;,
  -0.026699;0.553428;-0.032068;,
  -0.033865;0.564585;-0.020196;,
  -0.038294;0.562256;-0.020581;,
  -0.032902;0.566890;-0.021837;,
  -0.016681;0.553960;-0.031775;,
  -0.021976;0.556609;-0.028786;,
  -0.043301;0.558192;-0.024918;,
  -0.043526;0.558598;-0.025760;,
  -0.037592;0.558598;-0.027350;,
  -0.037367;0.558192;-0.026508;,
  -0.032790;0.555814;-0.029981;,
  -0.032564;0.555408;-0.029139;,
  -0.030404;0.550993;-0.032947;,
  -0.030179;0.550586;-0.032106;,
  -0.032758;0.532153;-0.039102;,
  -0.040100;0.537819;-0.036709;,
  -0.039875;0.537413;-0.035868;,
  -0.032561;0.531754;-0.038287;,
  -0.039875;0.537413;-0.035868;,
  -0.040100;0.537819;-0.036709;,
  -0.046034;0.537819;-0.035119;,
  -0.045809;0.537413;-0.034905;,
  -0.009942;0.536892;-0.044674;,
  -0.017351;0.540282;-0.042340;,
  -0.018778;0.536225;-0.042847;,
  -0.011122;0.532157;-0.046306;,
  -0.002867;0.518209;-0.051598;,
  -0.005367;0.522917;-0.050483;,
  -0.012172;0.526781;-0.047111;,
  -0.013628;0.519868;-0.045908;,
  -0.011137;0.556811;-0.035014;,
  -0.006350;0.556271;-0.036294;,
  -0.011169;0.557645;-0.033521;,
  -0.011231;0.552784;-0.033415;,
  -0.000000;0.454922;-0.044483;,
  -0.000000;0.469969;-0.045927;,
  -0.006709;0.469649;-0.045393;,
  -0.006487;0.454735;-0.043410;,
  -0.040847;0.486548;0.045787;,
  -0.042654;0.494084;0.047474;,
  -0.045329;0.453769;-0.026017;,
  -0.032409;0.459407;-0.035625;,
  -0.033468;0.467219;-0.034883;,
  -0.046126;0.459491;-0.026328;,
  -0.054964;0.456910;-0.006661;,
  -0.055485;0.456782;0.003617;,
  -0.055099;0.453374;0.003514;,
  -0.054223;0.452721;-0.006530;,
  -0.036717;0.469702;0.039974;,
  -0.044861;0.455516;0.029681;,
  -0.045744;0.463152;0.031473;,
  -0.052378;0.483838;-0.030197;,
  -0.058287;0.480772;-0.019191;,
  -0.056265;0.457248;0.008557;,
  -0.052972;0.459476;0.022860;,
  -0.052075;0.452807;0.021453;,
  -0.055501;0.452826;0.008153;,
  -0.060206;0.474299;0.009769;,
  -0.059378;0.473440;0.003882;,
  -0.061961;0.479641;0.003896;,
  -0.062708;0.479895;0.010046;,
  -0.058703;0.473531;-0.007339;,
  -0.061023;0.479875;-0.007650;,
  -0.060538;0.484145;0.028387;,
  -0.054552;0.490898;0.038959;,
  -0.044390;0.500791;0.048821;,
  -0.050862;0.590150;0.052069;,
  -0.059209;0.586978;0.052001;,
  -0.064859;0.593871;0.043293;,
  -0.055875;0.597309;0.043352;,
  -0.055905;0.598602;0.000447;,
  -0.064899;0.595162;0.000570;,
  -0.061581;0.586312;-0.007561;,
  -0.053359;0.589547;-0.007712;,
  -0.045860;0.581471;0.058630;,
  -0.054493;0.578095;0.058565;,
  -0.032688;0.565559;-0.022608;,
  -0.026919;0.562391;-0.026798;,
  -0.027071;0.563611;-0.025800;,
  -0.032902;0.566890;-0.021837;,
  -0.009368;0.543071;-0.040315;,
  -0.000000;0.540673;-0.041351;,
  -0.000000;0.541442;-0.041185;,
  -0.009266;0.543654;-0.040098;,
  -0.016086;0.546115;-0.037981;,
  -0.015266;0.546679;-0.037755;,
  -0.020286;0.548928;-0.036109;,
  -0.059928;0.466343;0.003815;,
  -0.059297;0.466457;-0.007297;,
  -0.052271;0.452865;-0.015870;,
  -0.052961;0.457317;-0.016524;,
  -0.044178;0.446585;-0.025937;,
  -0.051329;0.445993;-0.015460;,
  -0.043873;0.447222;0.028781;,
  -0.023511;0.439442;0.040231;,
  -0.023431;0.431678;0.040255;,
  -0.053386;0.446704;-0.006351;,
