xof 0303txt 0032
template Frame {
 <3d82ab46-62da-11cf-ab39-0020af71e433>
 [...]
}

template Matrix4x4 {
 <f6f23f45-7686-11cf-8f52-0040333594a3>
 array FLOAT matrix[16];
}

template FrameTransformMatrix {
 <f6f23f41-7686-11cf-8f52-0040333594a3>
 Matrix4x4 frameMatrix;
}

template ObjectMatrixComment {
 <95a48e28-7ef4-4419-a16a-ba9dbdf0d2bc>
 Matrix4x4 objectMatrix;
}

template Vector {
 <3d82ab5e-62da-11cf-ab39-0020af71e433>
 FLOAT x;
 FLOAT y;
 FLOAT z;
}

template MeshFace {
 <3d82ab5f-62da-11cf-ab39-0020af71e433>
 DWORD nFaceVertexIndices;
 array DWORD faceVertexIndices[nFaceVertexIndices];
}

template Mesh {
 <3d82ab44-62da-11cf-ab39-0020af71e433>
 DWORD nVertices;
 array Vector vertices[nVertices];
 DWORD nFaces;
 array MeshFace faces[nFaces];
 [...]
}

template MeshNormals {
 <f6f23f43-7686-11cf-8f52-0040333594a3>
 DWORD nNormals;
 array Vector normals[nNormals];
 DWORD nFaceNormals;
 array MeshFace faceNormals[nFaceNormals];
}

template Coords2d {
 <f6f23f44-7686-11cf-8f52-0040333594a3>
 FLOAT u;
 FLOAT v;
}

template MeshTextureCoords {
 <f6f23f40-7686-11cf-8f52-0040333594a3>
 DWORD nTextureCoords;
 array Coords2d textureCoords[nTextureCoords];
}

template XSkinMeshHeader {
 <3cf169ce-ff7c-44ab-93c0-f78f62d172e2>
 WORD nMaxSkinWeightsPerVertex;
 WORD nMaxSkinWeightsPerFace;
 WORD nBones;
}

template SkinWeights {
 <6f0d123b-bad2-4167-a0d0-80224f25fabb>
 STRING transformNodeName;
 DWORD nWeights;
 array DWORD vertexIndices[nWeights];
 array FLOAT weights[nWeights];
 Matrix4x4 matrixOffset;
}

template ColorRGBA {
 <35ff44e0-6c7c-11cf-8f52-0040333594a3>
 FLOAT red;
 FLOAT green;
 FLOAT blue;
 FLOAT alpha;
}

template ColorRGB {
 <d3e16e81-7835-11cf-8f52-0040333594a3>
 FLOAT red;
 FLOAT green;
 FLOAT blue;
}

template Material {
 <3d82ab4d-62da-11cf-ab39-0020af71e433>
 ColorRGBA faceColor;
 FLOAT power;
 ColorRGB specularColor;
 ColorRGB emissiveColor;
 [...]
}

template MeshMaterialList {
 <f6f23f42-7686-11cf-8f52-0040333594a3>
 DWORD nMaterials;
 DWORD nFaceIndexes;
 array DWORD faceIndexes[nFaceIndexes];
 [Material <3d82ab4d-62da-11cf-ab39-0020af71e433>]
}

template TextureFilename {
 <a42790e1-7810-11cf-8f52-0040333594a3>
 STRING filename;
}

template AnimTicksPerSecond {
 <9e415a43-7ba6-4a73-8743-b73d47e88476>
 DWORD AnimTicksPerSecond;
}

template Animation {
 <3d82ab4f-62da-11cf-ab39-0020af71e433>
 [...]
}

template AnimationSet {
 <3d82ab50-62da-11cf-ab39-0020af71e433>
 [Animation <3d82ab4f-62da-11cf-ab39-0020af71e433>]
}

template FloatKeys {
 <10dd46a9-775b-11cf-8f52-0040333594a3>
 DWORD nValues;
 array FLOAT values[nValues];
}

template TimedFloatKeys {
 <f406b180-7b3b-11cf-8f52-0040333594a3>
 DWORD time;
 FloatKeys tfkeys;
}

template AnimationKey {
 <10dd46a8-775b-11cf-8f52-0040333594a3>
 DWORD keyType;
 DWORD nKeys;
 array TimedFloatKeys keys[nKeys];
}


Frame lookat {
 

 FrameTransformMatrix relative {
  0.393701,0.000000,0.000000,0.000000,0.000000,-0.000000,-0.393701,0.000000,0.000000,0.393701,-0.000000,0.000000,-0.082348,0.309627,-0.368679,1.000000;;
 }

 ObjectMatrixComment object {
  1.000000,0.000000,0.000000,0.000000,0.000000,1.000000,0.000000,0.000000,0.000000,0.000000,1.000000,0.000000,-0.000000,-0.000000,0.000000,1.000000;;
 }
}

Frame L_FOOT {
 

 FrameTransformMatrix relative {
  0.393701,-0.000000,0.000000,0.000000,0.000000,-0.001325,-0.393699,0.000000,0.000000,0.393699,-0.001325,0.000000,0.048472,0.014730,0.019592,1.000000;;
 }

 ObjectMatrixComment object {
  1.000000,0.000000,0.000000,0.000000,0.000000,1.000000,0.000000,0.000000,0.000000,0.000000,1.000000,0.000000,0.000000,0.000000,0.000000,1.000000;;
 }

 Frame L_ankle_Goal {
  

  FrameTransformMatrix relative {
   0.988903,-0.142173,0.043100,0.000000,-0.137148,-0.762148,0.632709,0.000000,-0.057106,-0.631599,-0.773190,0.000000,0.004850,0.002930,-0.000352,1.000000;;
  }

  ObjectMatrixComment object {
   1.000000,0.000000,-0.000000,0.000000,-0.000000,1.000000,0.000000,0.000000,-0.000000,0.000000,1.000000,0.000000,0.000000,0.000000,-0.000000,1.000000;;
  }
 }
}

Frame R_FOOT {
 

 FrameTransformMatrix relative {
  0.393701,0.000000,0.000000,0.000000,0.000000,0.010918,-0.393549,0.000000,-0.000000,0.393549,0.010918,0.000000,-0.043915,0.019568,0.024990,1.000000;;
 }

 ObjectMatrixComment object {
  1.000000,0.000000,0.000000,0.000000,-0.000000,1.000000,0.000000,0.000000,0.000000,0.000000,1.000000,0.000000,0.000000,-0.000000,0.000000,1.000000;;
 }

 Frame R_ankle_Goal {
  

  FrameTransformMatrix relative {
   0.985070,0.171247,-0.017631,0.000000,0.143424,-0.759722,0.634234,0.000000,0.095216,-0.627294,-0.772940,0.000000,-0.007160,0.002930,-0.010333,1.000000;;
  }

  ObjectMatrixComment object {
   1.000000,0.000000,0.000000,0.000000,0.000000,1.000000,-0.000000,0.000000,0.000000,0.000000,1.000000,0.000000,0.000000,0.000000,-0.000000,1.000000;;
  }
 }
}

Frame hipcontrol {
 

 FrameTransformMatrix relative {
  0.393701,-0.000000,0.000000,0.000000,0.000000,-0.393210,-0.019660,0.000000,0.000000,0.019660,-0.393210,0.000000,0.000000,0.122918,0.010000,1.000000;;
 }

 ObjectMatrixComment object {
  1.000000,-0.000000,0.000000,0.000000,0.000000,1.000000,-0.000000,0.000000,0.000000,0.000000,1.000000,0.000000,0.000000,0.000000,0.000000,1.000000;;
 }

 Frame headcontrol {
  

  FrameTransformMatrix relative {
   0.972768,0.023522,0.230583,0.000000,0.077070,0.905403,-0.417498,0.000000,-0.218591,0.423900,0.878935,0.000000,-0.000147,-0.413601,0.023739,1.000000;;
  }

  ObjectMatrixComment object {
   1.000000,0.000000,0.000000,0.000000,-0.000000,1.000000,0.000000,0.000000,0.000000,0.000000,1.000000,0.000000,-0.000000,0.000000,0.000000,1.000000;;
  }
 }

 Frame spinecontrol {
  

  FrameTransformMatrix relative {
   1.000000,-0.000000,0.000000,0.000000,0.000000,0.999993,-0.003638,0.000000,0.000000,0.003638,0.999993,0.000000,-0.000000,-0.136104,0.000000,1.000000;;
  }

  ObjectMatrixComment object {
   1.000000,0.000000,0.000000,0.000000,0.000000,1.000000,0.000000,0.000000,0.000000,-0.000000,1.000000,0.000000,-0.000000,-0.000000,-0.000000,1.000000;;
  }

  Frame chestcontrol {
   

   FrameTransformMatrix relative {
    0.999062,-0.006663,-0.042789,0.000000,-0.000000,0.988094,-0.153853,0.000000,0.043305,0.153708,0.987167,0.000000,-0.000000,-0.106382,0.016838,1.000000;;
   }

   ObjectMatrixComment object {
    1.000000,-0.000000,0.000000,0.000000,0.000000,1.000000,0.000000,0.000000,-0.000000,0.000000,1.000000,0.000000,0.000000,0.000000,0.000000,1.000000;;
   }

   Frame L_armcontrol {
    

    FrameTransformMatrix relative {
     0.999062,-0.000000,0.043305,0.000000,-0.043052,-0.107935,0.993225,0.000000,0.004674,-0.994158,-0.107834,0.000000,0.124477,-0.084970,-0.045910,1.000000;;
    }

    ObjectMatrixComment object {
     1.000000,0.000000,0.000000,0.000000,0.000000,1.000000,0.000000,0.000000,-0.000000,0.000000,1.000000,0.000000,0.000000,-0.000000,0.000000,1.000000;;
    }

    Frame L_plate_Goal {
     

     FrameTransformMatrix relative {
      1.000000,0.000000,0.000000,0.000000,0.000000,1.000000,0.000000,0.000000,-0.000000,0.000000,1.000000,0.000000,0.109696,0.018131,0.038661,1.000000;;
     }

     ObjectMatrixComment object {
      1.000000,0.000000,0.000000,0.000000,0.000000,1.000000,0.000000,0.000000,-0.000000,0.000000,1.000000,0.000000,0.000000,-0.000000,0.000000,1.000000;;
     }
    }

    Frame L_arm_Pole {
     

     FrameTransformMatrix relative {
      1.000000,-0.000000,-0.000000,0.000000,0.000000,1.000000,0.000000,0.000000,0.000000,0.000000,1.000000,0.000000,0.276510,-0.186770,-0.144220,1.000000;;
     }

     ObjectMatrixComment object {
      1.000000,-0.000000,-0.000000,0.000000,0.000000,1.000000,0.000000,0.000000,-0.000000,0.000000,1.000000,0.000000,0.000000,0.000000,0.000000,1.000000;;
     }
    }

    Frame L_wrist_Goal {
     

     FrameTransformMatrix relative {
      -0.523612,0.837521,0.156173,0.000000,0.084227,-0.131524,0.987729,0.000000,0.847783,0.530340,-0.001674,0.000000,0.113973,0.066957,-0.368531,1.000000;;
     }

     ObjectMatrixComment object {
      1.000000,0.000000,-0.000000,0.000000,-0.000000,1.000000,0.000000,0.000000,0.000000,-0.000000,1.000000,0.000000,0.000000,-0.000000,-0.000000,1.000000;;
     }
    }
   }

   Frame R_armcontrol {
    

    FrameTransformMatrix relative {
     0.998956,0.010575,0.044449,0.000000,-0.043052,-0.107935,0.993225,0.000000,0.015301,-0.994102,-0.107367,0.000000,-0.122360,-0.085979,-0.049513,1.000000;;
    }

    ObjectMatrixComment object {
     1.000000,0.000000,0.000000,0.000000,0.000000,1.000000,-0.000000,0.000000,-0.000000,0.000000,1.000000,0.000000,-0.000000,-0.000000,-0.000000,1.000000;;
    }

    Frame R_plate_Goal {
     

     FrameTransformMatrix relative {
      1.000000,0.000000,0.000000,0.000000,0.000000,1.000000,-0.000000,0.000000,-0.000000,0.000000,1.000000,0.000000,-0.094427,0.010974,0.022817,1.000000;;
     }

     ObjectMatrixComment object {
      1.000000,0.000000,0.000000,0.000000,-0.000000,1.000000,-0.000000,0.000000,-0.000000,0.000000,1.000000,0.000000,-0.000000,-0.000000,0.000000,1.000000;;
     }
    }

    Frame R_arm_Pole {
     

     FrameTransformMatrix relative {
      1.000000,-0.000000,-0.000000,0.000000,0.000000,1.000000,0.000000,0.000000,0.000000,0.000000,1.000000,0.000000,-0.276043,-0.193927,-0.146108,1.000000;;
     }

     ObjectMatrixComment object {
      1.000000,0.000000,0.000000,0.000000,-0.000000,1.000000,-0.000000,0.000000,-0.000000,0.000000,1.000000,0.000000,0.000000,0.000000,0.000000,1.000000;;
     }
    }

    Frame R_wrist_Goal {
     

     FrameTransformMatrix relative {
      -0.563632,0.825443,0.031015,0.000000,-0.196697,-0.170587,0.965510,0.000000,0.802265,0.538092,0.258511,0.000000,-0.111226,0.072936,-0.376086,1.000000;;
     }

     ObjectMatrixComment object {
      1.000000,-0.000000,0.000000,0.000000,0.000000,1.000000,-0.000000,0.000000,0.000000,-0.000000,1.000000,0.000000,-0.000000,0.000000,-0.000000,1.000000;;
     }
    }
   }
  }
 }
}

Frame L_leg_Pole {
 

 FrameTransformMatrix relative {
  0.393701,-0.000000,0.000000,0.000000,0.000000,0.352708,-0.174920,0.000000,-0.000000,0.174920,0.352708,0.000000,0.038288,0.061418,-0.086513,1.000000;;
 }

 ObjectMatrixComment object {
  1.000000,-0.000000,0.000000,0.000000,0.000000,1.000000,0.000000,0.000000,0.000000,0.000000,1.000000,0.000000,-0.000000,0.000000,0.000000,1.000000;;
 }
}

Frame R_leg_Pole {
 

 FrameTransformMatrix relative {
  0.393701,-0.000000,0.000000,0.000000,0.000000,0.352708,-0.174920,0.000000,-0.000000,0.174920,0.352708,0.000000,-0.031187,0.058562,-0.086513,1.000000;;
 }

 ObjectMatrixComment object {
  1.000000,-0.000000,0.000000,0.000000,0.000000,1.000000,0.000000,0.000000,0.000000,0.000000,1.000000,0.000000,0.000000,0.000000,0.000000,1.000000;;
 }
}

Frame hips {
 

 FrameTransformMatrix relative {
  0.393701,-0.000000,0.000000,0.000000,0.000000,-0.393211,-0.019631,0.000000,0.000000,0.019631,-0.393211,0.000000,0.000000,0.122918,0.010000,1.000000;;
 }

 ObjectMatrixComment object {
  1.000000,0.000000,0.000000,0.000000,0.000000,1.000000,-0.000000,0.000000,0.000000,0.000000,1.000000,0.000000,0.000000,0.000000,-0.000000,1.000000;;
 }

 Frame L_leg {
  

  FrameTransformMatrix relative {
   0.987114,-0.151043,0.052849,0.000000,-0.151265,-0.988493,0.000218,0.000000,0.052208,-0.008209,-0.998603,0.000000,0.084638,0.002834,-0.000069,1.000000;;
  }

  ObjectMatrixComment object {
   1.000000,0.000000,-0.000000,0.000000,-0.000000,1.000000,-0.000000,0.000000,0.000000,-0.000000,1.000000,0.000000,0.000000,0.000000,0.000000,1.000000;;
  }

  Frame L_knee {
   

   FrameTransformMatrix relative {
    1.000000,0.000000,0.000000,0.000000,-0.000000,0.961999,-0.273056,0.000000,-0.000000,0.273056,0.961998,0.000000,0.000000,-0.172290,0.006090,1.000000;;
   }

   ObjectMatrixComment object {
    1.000000,0.000000,0.000000,0.000000,0.000000,1.000000,0.000000,0.000000,0.000000,0.000000,1.000000,0.000000,-0.000000,-0.000000,0.000000,1.000000;;
   }

   Frame L_ankle {
    

    FrameTransformMatrix relative {
     0.976421,-0.148107,0.157054,0.000000,-0.072265,0.461295,0.884299,0.000000,-0.203419,-0.874798,0.439715,0.000000,-0.000000,-0.106012,-0.000000,1.000000;;
    }

    ObjectMatrixComment object {
     1.000000,0.000000,0.000000,0.000000,0.000000,1.000000,0.000000,0.000000,0.000000,0.000000,1.000000,0.000000,0.000000,0.000000,0.000000,1.000000;;
    }

    Frame L_foot {
     

     FrameTransformMatrix relative {
      1.000000,0.000000,0.000000,0.000000,-0.000000,0.830724,0.556684,0.000000,0.000000,-0.556684,0.830724,0.000000,0.000000,-0.050527,-0.000000,1.000000;;
     }

     ObjectMatrixComment object {
      1.000000,0.000000,0.000000,0.000000,0.000000,1.000000,0.000000,0.000000,-0.000000,0.000000,1.000000,0.000000,0.000000,-0.000000,-0.000000,1.000000;;
     }

     Frame L_toes {
      

      FrameTransformMatrix relative {
       1.000000,0.000000,-0.000000,0.000000,-0.000000,1.000000,0.000000,0.000000,-0.000000,0.000000,1.000000,0.000000,0.000000,-0.053479,-0.000000,1.000000;;
      }

      ObjectMatrixComment object {
       1.000000,0.000000,-0.000000,0.000000,0.000000,1.000000,0.000000,0.000000,0.000000,0.000000,1.000000,0.000000,0.000000,0.000000,-0.000000,1.000000;;
      }
     }
    }
   }
  }
 }

 Frame R_leg {
  

  FrameTransformMatrix relative {
   0.989048,0.107543,-0.101083,0.000000,0.108831,-0.994034,0.007300,0.000000,-0.099695,-0.018221,-0.994851,0.000000,-0.084638,0.002834,-0.000069,1.000000;;
  }

  ObjectMatrixComment object {
   1.000000,-0.000000,0.000000,0.000000,-0.000000,1.000000,0.000000,0.000000,0.000000,-0.000000,1.000000,0.000000,0.000000,0.000000,-0.000000,1.000000;;
  }

  Frame R_knee {
   

   FrameTransformMatrix relative {
    1.000000,-0.000000,0.000000,0.000000,0.000000,0.924095,-0.382163,0.000000,0.000000,0.382163,0.924095,0.000000,0.000000,-0.172290,0.006090,1.000000;;
   }

   ObjectMatrixComment object {
    1.000000,0.000000,0.000000,0.000000,0.000000,1.000000,0.000000,0.000000,0.000000,0.000000,1.000000,0.000000,0.000000,0.000000,0.000000,1.000000;;
   }

   Frame R_ankle {
    

    FrameTransformMatrix relative {
     0.959319,0.183169,-0.214839,0.000000,0.147209,0.324803,0.934255,0.000000,0.240907,-0.927875,0.284626,0.000000,0.000000,-0.106012,-0.000000,1.000000;;
    }

    ObjectMatrixComment object {
     1.000000,0.000000,0.000000,0.000000,0.000000,1.000000,0.000000,0.000000,-0.000000,-0.000000,1.000000,0.000000,0.000000,0.000000,0.000000,1.000000;;
    }

    Frame R_foot {
     

     FrameTransformMatrix relative {
      1.000000,0.000000,0.000000,0.000000,-0.000000,0.830724,0.556685,0.000000,0.000000,-0.556685,0.830724,0.000000,0.000000,-0.050527,-0.000000,1.000000;;
     }

     ObjectMatrixComment object {
      1.000000,0.000000,0.000000,0.000000,0.000000,1.000000,0.000000,0.000000,0.000000,0.000000,1.000000,0.000000,0.000000,-0.000000,-0.000000,1.000000;;
     }

     Frame R_toes {
      

      FrameTransformMatrix relative {
       1.000000,0.000000,0.000000,0.000000,0.000000,1.000000,-0.000000,0.000000,0.000000,0.000000,1.000000,0.000000,0.000000,-0.053479,-0.000000,1.000000;;
      }

      ObjectMatrixComment object {
       1.000000,0.000000,-0.000000,0.000000,0.000000,1.000000,0.000000,0.000000,-0.000000,0.000000,1.000000,0.000000,-0.000000,-0.000000,0.000000,1.000000;;
      }
     }
    }
   }
  }
 }

 Frame spine {
  

  FrameTransformMatrix relative {
   1.000000,-0.000152,-0.000935,0.000000,0.000001,0.987177,-0.159631,0.000000,0.000948,0.159630,0.987176,0.000000,0.000000,-0.136104,-0.000000,1.000000;;
  }

  ObjectMatrixComment object {
   1.000000,0.000000,0.000000,0.000000,0.000000,1.000000,0.000000,0.000000,-0.000000,-0.000000,1.000000,0.000000,0.000000,0.000000,0.000000,1.000000;;
  }

  Frame chest {
   

   FrameTransformMatrix relative {
    0.999932,-0.002154,0.011447,0.000000,0.000742,0.992533,0.121973,0.000000,-0.011625,-0.121957,0.992467,0.000000,0.000000,-0.107707,0.000000,1.000000;;
   }

   ObjectMatrixComment object {
    1.000000,0.000000,0.000000,0.000000,-0.000000,1.000000,0.000000,0.000000,-0.000000,0.000000,1.000000,0.000000,0.000000,0.000000,0.000000,1.000000;;
   }

   Frame L_shoulder {
    

    FrameTransformMatrix relative {
     0.999041,-0.001191,-0.043768,0.000000,0.043746,-0.014178,0.998942,0.000000,-0.001810,-0.999899,-0.014112,0.000000,0.123579,-0.090386,-0.037134,1.000000;;
    }

    ObjectMatrixComment object {
     1.000000,0.000000,0.000000,0.000000,0.000000,1.000000,0.000000,0.000000,0.000000,0.000000,1.000000,0.000000,0.000000,-0.000000,0.000000,1.000000;;
    }

    Frame L_plate {
     

     FrameTransformMatrix relative {
      0.999450,0.033059,-0.002518,0.000000,-0.033113,0.999114,-0.025972,0.000000,0.001657,0.026041,0.999660,0.000000,0.109696,0.018131,0.038661,1.000000;;
     }

     ObjectMatrixComment object {
      1.000000,0.000000,0.000000,0.000000,-0.000000,1.000000,0.000000,0.000000,0.000000,-0.000000,1.000000,0.000000,0.000000,-0.000000,-0.000000,1.000000;;
     }
    }

    Frame L_arm {
     

     FrameTransformMatrix relative {
      -0.386482,0.905688,-0.174243,0.000000,-0.279981,0.064797,0.957817,0.000000,0.878774,0.418963,0.228532,0.000000,0.083470,-0.005405,-0.008256,1.000000;;
     }

     ObjectMatrixComment object {
      1.000000,-0.000000,0.000000,0.000000,-0.000000,1.000000,0.000000,0.000000,0.000000,-0.000000,1.000000,0.000000,-0.000000,-0.000000,-0.000000,1.000000;;
     }

     Frame L_elbow {
      

      FrameTransformMatrix relative {
       0.836749,0.547145,0.021982,0.000000,-0.542495,0.822839,0.169218,0.000000,0.074499,-0.153518,0.985333,0.000000,-0.000000,-0.185369,-0.000000,1.000000;;
      }

      ObjectMatrixComment object {
       1.000000,-0.000000,0.000000,0.000000,0.000000,1.000000,0.000000,0.000000,0.000000,-0.000000,1.000000,0.000000,0.000000,-0.000000,-0.000000,1.000000;;
      }

      Frame L_wrist {
       

       FrameTransformMatrix relative {
        0.964750,-0.247820,-0.088557,0.000000,0.255875,0.961981,0.095503,0.000000,0.061523,-0.114797,0.991482,0.000000,0.000000,-0.200350,-0.000000,1.000000;;
       }

       ObjectMatrixComment object {
        1.000000,0.000000,0.000000,0.000000,-0.000000,1.000000,0.000000,0.000000,0.000000,0.000000,1.000000,0.000000,0.000000,-0.000000,0.000000,1.000000;;
       }

       Frame L_thumb1 {
        

        FrameTransformMatrix relative {
         0.223623,0.580491,-0.782957,0.000000,-0.514605,0.752529,0.410953,0.000000,0.827753,0.311015,0.467007,0.000000,0.018413,-0.037067,-0.003599,1.000000;;
        }

        ObjectMatrixComment object {
         1.000000,-0.000000,0.000000,0.000000,0.000000,1.000000,0.000000,0.000000,0.000000,-0.000000,1.000000,0.000000,-0.000000,-0.000000,0.000000,1.000000;;
        }

        Frame L_thumb2 {
         

         FrameTransformMatrix relative {
          0.999384,0.035093,0.000000,0.000000,-0.033711,0.960025,0.277878,0.000000,0.009752,-0.277707,0.960617,0.000000,0.000000,-0.030665,-0.000000,1.000000;;
         }

         ObjectMatrixComment object {
          1.000000,-0.000000,0.000000,0.000000,-0.000000,1.000000,-0.000000,0.000000,0.000000,-0.000000,1.000000,0.000000,-0.000000,0.000000,0.000000,1.000000;;
         }

         Frame L_thumb3 {
          

          FrameTransformMatrix relative {
           0.976865,-0.213856,0.000000,0.000000,0.198426,0.906382,0.372959,0.000000,-0.079760,-0.364331,0.927848,0.000000,-0.000000,-0.027587,-0.000000,1.000000;;
          }

          ObjectMatrixComment object {
           1.000000,0.000000,0.000000,0.000000,-0.000000,1.000000,-0.000000,0.000000,0.000000,-0.000000,1.000000,0.000000,-0.000000,0.000000,-0.000000,1.000000;;
          }

          Frame Joint_3 {
           

           FrameTransformMatrix relative {
            1.000000,0.000000,0.000000,0.000000,-0.000000,1.000000,-0.000000,0.000000,0.000000,-0.000000,1.000000,0.000000,-0.000000,-0.023438,-0.000000,1.000000;;
           }

           ObjectMatrixComment object {
            1.000000,0.000000,0.000000,0.000000,-0.000000,1.000000,-0.000000,0.000000,0.000000,0.000000,1.000000,0.000000,-0.000000,-0.000000,0.000000,1.000000;;
           }
          }
         }
        }
       }

       Frame L_pink1 {
        

        FrameTransformMatrix relative {
         0.967166,-0.178173,-0.181229,0.000000,0.254115,0.688869,0.678886,0.000000,0.003884,-0.702648,0.711527,0.000000,-0.023121,-0.075144,-0.003866,1.000000;;
        }

        ObjectMatrixComment object {
         1.000000,0.000000,0.000000,0.000000,0.000000,1.000000,0.000000,0.000000,0.000000,0.000000,1.000000,0.000000,0.000000,-0.000000,0.000000,1.000000;;
        }

        Frame L_pink2 {
         

         FrameTransformMatrix relative {
          0.998355,0.057339,0.000000,0.000000,-0.050424,0.877951,0.476088,0.000000,0.027299,-0.475305,0.879398,0.000000,0.000000,-0.022441,-0.000000,1.000000;;
         }

         ObjectMatrixComment object {
          1.000000,0.000000,-0.000000,0.000000,0.000000,1.000000,0.000000,0.000000,0.000000,0.000000,1.000000,0.000000,0.000000,0.000000,0.000000,1.000000;;
         }

         Frame L_pink3 {
          

          FrameTransformMatrix relative {
           0.985678,-0.168642,0.000000,0.000000,0.119792,0.700161,0.703864,0.000000,-0.118701,-0.693783,0.710335,0.000000,0.000000,-0.022677,0.000000,1.000000;;
          }

          ObjectMatrixComment object {
           1.000000,-0.000000,0.000000,0.000000,0.000000,1.000000,0.000000,0.000000,-0.000000,0.000000,1.000000,0.000000,0.000000,0.000000,-0.000000,1.000000;;
          }

          Frame Joint_3_2 {
           

           FrameTransformMatrix relative {
            1.000000,-0.000000,0.000000,0.000000,0.000000,1.000000,0.000000,0.000000,0.000000,0.000000,1.000000,0.000000,0.000000,-0.022048,0.000000,1.000000;;
           }

           ObjectMatrixComment object {
            1.000000,-0.000000,0.000000,0.000000,-0.000000,1.000000,0.000000,0.000000,0.000000,-0.000000,1.000000,0.000000,0.000000,0.000000,0.000000,1.000000;;
           }
          }
         }
        }
       }

       Frame L_finger1 {
        

        FrameTransformMatrix relative {
         0.983956,-0.045394,-0.172540,0.000000,0.152381,0.716823,0.680401,0.000000,0.092794,-0.695776,0.712239,0.000000,0.009545,-0.091293,-0.005363,1.000000;;
        }

        ObjectMatrixComment object {
         1.000000,-0.000000,-0.000000,0.000000,0.000000,1.000000,-0.000000,0.000000,0.000000,0.000000,1.000000,0.000000,0.000000,0.000000,-0.000000,1.000000;;
        }

        Frame L_finger2 {
         

         FrameTransformMatrix relative {
          0.976353,-0.216183,-0.000000,0.000000,0.205286,0.927143,0.313470,0.000000,-0.067767,-0.306057,0.949598,0.000000,-0.000000,-0.028673,-0.000000,1.000000;;
         }

         ObjectMatrixComment object {
          1.000000,0.000000,0.000000,0.000000,0.000000,1.000000,0.000000,0.000000,0.000000,-0.000000,1.000000,0.000000,0.000000,-0.000000,-0.000000,1.000000;;
         }

         Frame L_finger3 {
          

          FrameTransformMatrix relative {
           0.999510,-0.031310,0.000000,0.000000,0.027013,0.862344,0.505602,0.000000,-0.015831,-0.505354,0.862767,0.000000,0.000000,-0.024167,-0.000000,1.000000;;
          }

          ObjectMatrixComment object {
           1.000000,-0.000000,0.000000,0.000000,-0.000000,1.000000,0.000000,0.000000,0.000000,0.000000,1.000000,0.000000,0.000000,-0.000000,0.000000,1.000000;;
          }

          Frame Joint_3_3 {
           

           FrameTransformMatrix relative {
            1.000000,0.000000,0.000000,0.000000,-0.000000,1.000000,0.000000,0.000000,0.000000,0.000000,1.000000,0.000000,0.000000,-0.022259,0.000000,1.000000;;
           }

           ObjectMatrixComment object {
            1.000000,0.000000,0.000000,0.000000,-0.000000,1.000000,-0.000000,0.000000,0.000000,-0.000000,1.000000,0.000000,0.000000,0.000000,0.000000,1.000000;;
           }
          }
         }
        }
       }
      }
     }
    }
   }

   Frame R_shoulder {
    

    FrameTransformMatrix relative {
     0.993495,-0.095596,-0.061884,0.000000,0.066930,0.050511,0.996478,0.000000,-0.092133,-0.994138,0.056581,0.000000,-0.123285,-0.090751,-0.037138,1.000000;;
    }

    ObjectMatrixComment object {
     1.000000,0.000000,0.000000,0.000000,0.000000,1.000000,0.000000,0.000000,0.000000,0.000000,1.000000,0.000000,-0.000000,0.000000,0.000000,1.000000;;
    }

    Frame R_plate {
     

     FrameTransformMatrix relative {
      0.992941,0.056731,-0.104160,0.000000,-0.052404,0.997664,0.043816,0.000000,0.106402,-0.038048,0.993595,0.000000,-0.107679,0.010974,0.038423,1.000000;;
     }

     ObjectMatrixComment object {
      1.000000,0.000000,-0.000000,0.000000,-0.000000,1.000000,0.000000,0.000000,0.000000,-0.000000,1.000000,0.000000,0.000000,0.000000,0.000000,1.000000;;
     }
    }

    Frame R_arm {
     

     FrameTransformMatrix relative {
      0.172209,0.982647,-0.068912,0.000000,0.377515,-0.001220,0.926003,0.000000,0.909850,-0.185482,-0.371174,0.000000,-0.083470,-0.005405,-0.008256,1.000000;;
     }

     ObjectMatrixComment object {
      1.000000,0.000000,0.000000,0.000000,0.000000,1.000000,0.000000,0.000000,0.000000,-0.000000,1.000000,0.000000,0.000000,0.000000,0.000000,1.000000;;
     }

     Frame R_elbow {
      

      FrameTransformMatrix relative {
       0.614755,0.154029,-0.773532,0.000000,-0.504428,0.830726,-0.235470,0.000000,0.606324,0.534948,0.588390,0.000000,0.000000,-0.185368,-0.000000,1.000000;;
      }

      ObjectMatrixComment object {
       1.000000,0.000000,-0.000000,0.000000,0.000000,1.000000,0.000000,0.000000,-0.000000,0.000000,1.000000,0.000000,0.000000,-0.000000,-0.000000,1.000000;;
      }

      Frame R_wrist {
       

       FrameTransformMatrix relative {
        0.963046,-0.253496,-0.091012,0.000000,0.258823,0.964508,0.052291,0.000000,0.074527,-0.073914,0.994476,0.000000,0.000000,-0.200350,-0.000000,1.000000;;
       }

       ObjectMatrixComment object {
        1.000000,0.000000,0.000000,0.000000,0.000000,1.000000,-0.000000,0.000000,-0.000000,-0.000000,1.000000,0.000000,0.000000,-0.000000,-0.000000,1.000000;;
       }

       Frame R_thumb1 {
        

        FrameTransformMatrix relative {
         -0.562026,0.587788,0.581922,0.000000,-0.204443,-0.780443,0.590857,0.000000,0.801455,0.213106,0.558798,0.000000,0.006595,-0.037067,0.017564,1.000000;;
        }

        ObjectMatrixComment object {
         1.000000,-0.000000,0.000000,0.000000,0.000000,1.000000,0.000000,0.000000,0.000000,0.000000,1.000000,0.000000,-0.000000,-0.000000,0.000000,1.000000;;
        }

        Frame R_thumb2 {
         

         FrameTransformMatrix relative {
          0.999384,-0.035093,-0.000000,0.000000,0.033711,0.960025,-0.277878,0.000000,0.009752,0.277707,0.960616,0.000000,-0.000000,0.030665,0.000000,1.000000;;
         }

         ObjectMatrixComment object {
          1.000000,0.000000,0.000000,0.000000,-0.000000,1.000000,-0.000000,0.000000,0.000000,0.000000,1.000000,0.000000,0.000000,-0.000000,0.000000,1.000000;;
         }

         Frame R_thumb3 {
          

          FrameTransformMatrix relative {
           0.976865,0.213857,0.000000,0.000000,-0.198426,0.906382,-0.372959,0.000000,-0.079760,0.364331,0.927848,0.000000,0.000000,0.027587,0.000000,1.000000;;
          }

          ObjectMatrixComment object {
           1.000000,-0.000000,-0.000000,0.000000,-0.000000,1.000000,-0.000000,0.000000,0.000000,0.000000,1.000000,0.000000,-0.000000,-0.000000,0.000000,1.000000;;
          }

          Frame Joint_3_4 {
           

           FrameTransformMatrix relative {
            1.000000,-0.000000,-0.000000,0.000000,-0.000000,1.000000,-0.000000,0.000000,0.000000,0.000000,1.000000,0.000000,-0.000000,0.023438,0.000000,1.000000;;
           }

           ObjectMatrixComment object {
            1.000000,0.000000,0.000000,0.000000,-0.000000,1.000000,0.000000,0.000000,0.000000,0.000000,1.000000,0.000000,-0.000000,0.000000,0.000000,1.000000;;
           }
          }
         }
        }
       }

       Frame R_pink1 {
        

        FrameTransformMatrix relative {
         0.309515,-0.238833,0.920413,0.000000,-0.716893,-0.694521,0.060858,0.000000,0.624711,-0.678675,-0.386182,0.000000,-0.015421,-0.075144,-0.017656,1.000000;;
        }

        ObjectMatrixComment object {
         1.000000,-0.000000,0.000000,0.000000,-0.000000,1.000000,-0.000000,0.000000,0.000000,-0.000000,1.000000,0.000000,0.000000,0.000000,0.000000,1.000000;;
        }

        Frame R_pink2 {
         

         FrameTransformMatrix relative {
          0.998355,-0.057339,-0.000000,0.000000,0.053107,0.924669,-0.377049,0.000000,0.021620,0.376429,0.926194,0.000000,0.000000,0.022441,0.000000,1.000000;;
         }

         ObjectMatrixComment object {
          1.000000,-0.000000,-0.000000,0.000000,0.000000,1.000000,0.000000,0.000000,-0.000000,0.000000,1.000000,0.000000,0.000000,0.000000,0.000000,1.000000;;
         }

         Frame R_pink3 {
          

          FrameTransformMatrix relative {
           0.985677,0.168642,-0.000000,0.000000,-0.115068,0.672552,-0.731049,0.000000,-0.123285,0.720579,0.682325,0.000000,0.000000,0.022677,0.000000,1.000000;;
          }

          ObjectMatrixComment object {
           1.000000,0.000000,0.000000,0.000000,-0.000000,1.000000,0.000000,0.000000,0.000000,0.000000,1.000000,0.000000,0.000000,0.000000,0.000000,1.000000;;
          }

          Frame Joint_3_5 {
           

           FrameTransformMatrix relative {
            1.000000,0.000000,0.000000,0.000000,-0.000000,1.000000,0.000000,0.000000,0.000000,0.000000,1.000000,0.000000,0.000000,0.022048,-0.000000,1.000000;;
           }

           ObjectMatrixComment object {
            1.000000,0.000000,0.000000,0.000000,0.000000,1.000000,-0.000000,0.000000,0.000000,-0.000000,1.000000,0.000000,-0.000000,0.000000,-0.000000,1.000000;;
           }
          }
         }
        }
       }

       Frame R_finger1 {
        

        FrameTransformMatrix relative {
         0.313926,-0.102400,0.943909,0.000000,-0.696646,-0.700311,0.155718,0.000000,0.645084,-0.706455,-0.291182,0.000000,0.000441,-0.091293,0.010939,1.000000;;
        }

        ObjectMatrixComment object {
         1.000000,0.000000,0.000000,0.000000,-0.000000,1.000000,0.000000,0.000000,0.000000,0.000000,1.000000,0.000000,0.000000,-0.000000,-0.000000,1.000000;;
        }

        Frame R_finger2 {
         

         FrameTransformMatrix relative {
          0.976353,0.216183,0.000000,0.000000,-0.184858,0.834882,-0.518460,0.000000,-0.112082,0.506200,0.855102,0.000000,-0.000000,0.028673,0.000000,1.000000;;
         }

         ObjectMatrixComment object {
          1.000000,0.000000,0.000000,0.000000,0.000000,1.000000,-0.000000,0.000000,-0.000000,-0.000000,1.000000,0.000000,-0.000000,0.000000,0.000000,1.000000;;
         }

         Frame R_finger3 {
          

          FrameTransformMatrix relative {
           0.999510,0.031310,-0.000000,0.000000,-0.028789,0.919033,-0.393126,0.000000,-0.012309,0.392933,0.919484,0.000000,-0.000000,0.024167,0.000000,1.000000;;
          }

          ObjectMatrixComment object {
           1.000000,-0.000000,0.000000,0.000000,0.000000,1.000000,-0.000000,0.000000,0.000000,0.000000,1.000000,0.000000,-0.000000,0.000000,0.000000,1.000000;;
          }

          Frame Joint_3_6 {
           

           FrameTransformMatrix relative {
            1.000000,-0.000000,0.000000,0.000000,0.000000,1.000000,-0.000000,0.000000,0.000000,0.000000,1.000000,0.000000,0.000000,0.022259,0.000000,1.000000;;
           }

           ObjectMatrixComment object {
            1.000000,0.000000,0.000000,0.000000,0.000000,1.000000,-0.000000,0.000000,0.000000,-0.000000,1.000000,0.000000,0.000000,0.000000,0.000000,1.000000;;
           }
          }
         }
        }
       }
      }
     }
    }
   }

   Frame head {
    

    FrameTransformMatrix relative {
     0.975171,0.015553,0.220906,0.000000,0.072187,0.920720,-0.383488,0.000000,-0.209357,0.389913,0.896737,0.000000,0.000000,-0.171826,0.000000,1.000000;;
    }

    ObjectMatrixComment object {
     1.000000,0.000000,0.000000,0.000000,0.000000,1.000000,0.000000,0.000000,0.000000,0.000000,1.000000,0.000000,0.000000,-0.000000,0.000000,1.000000;;
    }

    Frame L_eye {
     

     FrameTransformMatrix relative {
      -0.950342,0.310781,0.016301,0.000000,0.070093,0.264782,-0.961758,0.000000,-0.303213,-0.912856,-0.273417,0.000000,0.073949,-0.215798,0.115973,1.000000;;
     }

     ObjectMatrixComment object {
      1.000000,0.000000,0.000000,0.000000,-0.000000,1.000000,0.000000,0.000000,0.000000,0.000000,1.000000,0.000000,0.000000,-0.000000,-0.000000,1.000000;;
     }
    }

    Frame R_eye {
     

     FrameTransformMatrix relative {
      0.541700,-0.791632,-0.282631,0.000000,-0.114375,0.263693,-0.957802,0.000000,0.832754,0.551167,0.052300,0.000000,-0.073949,-0.215798,0.115973,1.000000;;
     }

     ObjectMatrixComment object {
      1.000000,0.000000,-0.000000,0.000000,-0.000000,1.000000,0.000000,0.000000,-0.000000,0.000000,1.000000,0.000000,-0.000000,0.000000,0.000000,1.000000;;
     }
    }

    Frame jaw {
     

     FrameTransformMatrix relative {
      -0.995912,0.062449,0.065263,0.000000,-0.046777,0.261516,-0.964065,0.000000,-0.077272,-0.963177,-0.257526,0.000000,0.000000,-0.082763,0.050191,1.000000;;
     }

     ObjectMatrixComment object {
      1.000000,0.000000,-0.000000,0.000000,-0.000000,1.000000,-0.000000,0.000000,0.000000,-0.000000,1.000000,0.000000,0.000000,0.000000,0.000000,1.000000;;
     }

     Frame lip {
      

      FrameTransformMatrix relative {
       1.000000,0.000000,0.000000,0.000000,-0.000000,1.000000,-0.000000,0.000000,0.000000,0.000000,1.000000,0.000000,0.000000,-0.136104,0.000000,1.000000;;
      }

      ObjectMatrixComment object {
       1.000000,-0.000000,0.000000,0.000000,0.000000,1.000000,-0.000000,0.000000,-0.000000,-0.000000,1.000000,0.000000,-0.000000,-0.000000,0.000000,1.000000;;
      }
     }
    }

    Frame top {
     

     FrameTransformMatrix relative {
      1.000000,0.000000,0.000000,0.000000,0.000000,1.000000,0.000844,0.000000,-0.000000,-0.000844,1.000000,0.000000,0.000000,-0.254717,-0.000215,1.000000;;
     }

     ObjectMatrixComment object {
      1.000000,-0.000000,-0.000000,0.000000,0.000000,1.000000,0.000000,0.000000,0.000000,0.000000,1.000000,0.000000,-0.000000,0.000000,0.000000,1.000000;;
     }
    }
   }
  }
 }
}

Frame meshes {
 

 FrameTransformMatrix relative {
  0.393701,0.000000,0.000000,0.000000,0.000000,-0.000000,-0.393701,0.000000,0.000000,0.393701,-0.000000,0.000000,0.000000,0.000000,0.000000,1.000000;;
 }

 ObjectMatrixComment object {
  1.000000,0.000000,0.000000,0.000000,0.000000,1.000000,0.000000,0.000000,0.000000,0.000000,1.000000,0.000000,0.000000,0.000000,0.000000,1.000000;;
 }

 Frame armor {
  

  FrameTransformMatrix relative {
   1.000000,0.000000,0.000000,0.000000,0.000000,1.000000,0.000000,0.000000,0.000000,0.000000,1.000000,0.000000,0.000000,0.000000,0.000000,1.000000;;
  }

  ObjectMatrixComment object {
   1.000000,0.000000,0.000000,0.000000,0.000000,1.000000,0.000000,0.000000,0.000000,0.000000,1.000000,0.000000,0.000000,0.000000,0.000000,1.000000;;
  }

  Mesh mesh_a {
   1062;
   0.051161;0.112853;0.037502;,
   0.051715;0.130608;0.037939;,
   0.067911;0.135524;0.014789;,
   0.070532;0.111968;0.011402;,
   0.042559;0.120972;-0.025964;,
   0.040508;0.106992;-0.023029;,
   0.062403;0.107627;-0.011380;,
   0.062161;0.131580;-0.012804;,
   0.061675;0.088633;0.011765;,
   0.053457;0.059699;0.012917;,
   0.043960;0.066836;0.029393;,
   0.048503;0.088903;0.034713;,
   0.037822;0.089204;-0.022463;,
   0.038419;0.067508;-0.016703;,
   0.051450;0.060464;-0.006688;,
   0.053997;0.089336;-0.010163;,
   0.062032;0.112206;0.011048;,
   0.059610;0.135406;0.014420;,
   0.048917;0.130615;0.036492;,
   0.048390;0.113081;0.036005;,
   0.054838;0.131671;-0.011007;,
   0.055171;0.107954;-0.009531;,
   0.038610;0.107408;-0.020548;,
   0.040578;0.121345;-0.023544;,
   0.045848;0.089520;0.033124;,
   0.041385;0.067620;0.027758;,
   0.050196;0.060520;0.012380;,
   0.058415;0.089336;0.011334;,
   0.051355;0.089939;-0.008299;,
   0.048722;0.061120;-0.004846;,
   0.036618;0.068042;-0.014175;,
   0.036016;0.089699;-0.019931;,
   0.048917;0.130615;0.036492;,
   0.048390;0.113081;0.036005;,
   0.059610;0.135406;0.014420;,
   0.040578;0.121345;-0.023544;,
   0.054838;0.131671;-0.011007;,
   0.038610;0.107408;-0.020548;,
   0.041385;0.067620;0.027758;,
   0.050196;0.060520;0.012380;,
   0.045848;0.089520;0.033124;,
   0.036618;0.068042;-0.014175;,
   0.036016;0.089699;-0.019931;,
   0.048722;0.061120;-0.004846;,
   -0.067911;0.135524;0.014789;,
   -0.051715;0.130608;0.037939;,
   -0.051161;0.112853;0.037502;,
   -0.070532;0.111968;0.011402;,
   -0.062403;0.107627;-0.011380;,
   -0.040508;0.106992;-0.023029;,
   -0.042559;0.120972;-0.025964;,
   -0.062161;0.131580;-0.012804;,
   -0.043960;0.066836;0.029393;,
   -0.053457;0.059699;0.012917;,
   -0.061675;0.088633;0.011765;,
   -0.048503;0.088903;0.034713;,
   -0.051450;0.060464;-0.006688;,
   -0.038419;0.067508;-0.016703;,
   -0.037822;0.089204;-0.022463;,
   -0.053997;0.089336;-0.010163;,
   -0.048917;0.130615;0.036492;,
   -0.059610;0.135406;0.014420;,
   -0.062032;0.112206;0.011048;,
   -0.048390;0.113081;0.036005;,
   -0.038610;0.107408;-0.020548;,
   -0.055171;0.107954;-0.009531;,
   -0.054838;0.131671;-0.011007;,
   -0.040578;0.121345;-0.023544;,
   -0.050196;0.060520;0.012380;,
   -0.041385;0.067620;0.027758;,
   -0.045848;0.089520;0.033124;,
   -0.058415;0.089336;0.011334;,
   -0.036618;0.068042;-0.014175;,
   -0.048722;0.061120;-0.004846;,
   -0.051355;0.089939;-0.008299;,
   -0.036016;0.089699;-0.019931;,
   -0.048917;0.130615;0.036492;,
   -0.048390;0.113081;0.036005;,
   -0.059610;0.135406;0.014420;,
   -0.040578;0.121345;-0.023544;,
   -0.054838;0.131671;-0.011007;,
   -0.038610;0.107408;-0.020548;,
   -0.041385;0.067620;0.027758;,
   -0.050196;0.060520;0.012380;,
   -0.045848;0.089520;0.033124;,
   -0.036618;0.068042;-0.014175;,
   -0.036016;0.089699;-0.019931;,
   -0.048722;0.061120;-0.004846;,
   0.109635;0.271048;0.041702;,
   0.110105;0.280048;0.017857;,
   0.115014;0.255881;0.018138;,
   0.112657;0.252579;0.036451;,
   0.072245;0.241170;0.058370;,
   0.076404;0.286064;0.051462;,
   0.095372;0.281381;0.045937;,
   0.083249;0.242906;0.055795;,
   0.094135;0.240603;0.049373;,
   0.089999;0.238327;-0.010989;,
   0.100103;0.236288;-0.006886;,
   0.105081;0.245819;-0.004211;,
   0.100214;0.258261;-0.010024;,
   0.104847;0.274538;0.001822;,
   0.095997;0.294151;0.016601;,
   0.093896;0.285026;-0.001863;,
   0.104237;0.236097;0.047600;,
   0.110800;0.253423;0.005172;,
   0.089204;0.264566;-0.014794;,
   0.080381;0.240859;-0.014680;,
   0.084621;0.296642;0.017334;,
   0.083320;0.290291;-0.003394;,
   0.076273;0.273442;-0.020456;,
   0.072419;0.241837;-0.019068;,
   0.070905;0.244859;0.066028;,
   0.073267;0.291111;0.061177;,
   0.083184;0.310195;0.022086;,
   0.087341;0.300533;-0.011560;,
   0.078694;0.275011;-0.028451;,
   0.073500;0.243775;-0.020872;,
   0.109911;0.251702;0.034534;,
   0.112001;0.254661;0.018496;,
   0.103690;0.275026;0.018134;,
   0.103602;0.266622;0.039614;,
   0.082104;0.242475;0.052878;,
   0.090539;0.276318;0.043450;,
   0.070916;0.281819;0.049589;,
   0.069378;0.240854;0.055939;,
   0.092609;0.240278;0.046634;,
   0.095119;0.254719;-0.007321;,
   0.103066;0.245611;-0.001648;,
   0.098652;0.236709;-0.004122;,
   0.088739;0.238701;-0.008118;,
   0.088973;0.279912;0.000015;,
   0.090945;0.288126;0.016692;,
   0.099043;0.270026;0.003582;,
   0.102586;0.235777;0.044936;,
   0.108244;0.252429;0.006799;,
   0.079188;0.241180;-0.011779;,
   0.084684;0.260842;-0.011987;,
   0.076962;0.286258;-0.002281;,
   0.078423;0.291661;0.016944;,
   0.070105;0.270401;-0.019053;,
   0.068131;0.242290;-0.017626;,
   0.070161;0.291364;0.060681;,
   0.067783;0.244946;0.065618;,
   0.080120;0.310782;0.021611;,
